           1           0  0.000000000000000E+000 VAC
   0.199872E-06   0.856595E-07   0.142766E-06     1  1471
   0.242702E-06   0.999361E-07   0.271255E-06     1  1680
   0.228425E-06   0.256979E-06   0.571064E-14     1  1781
   0.271255E-06   0.185596E-06   0.185596E-06     1  1934
   0.199872E-06   0.228425E-06   0.285532E-07     1  1563
   0.142766E-06   0.199872E-06   0.142766E-06     1  1151
   0.142766E-06   0.171319E-06   0.856595E-07     1  1127
   0.228425E-06   0.571064E-14   0.256979E-06     1  1619
   0.214149E-06   0.271255E-06   0.142766E-07     1  1582
   0.571064E-14   0.256979E-06   0.571064E-07     1   185
           1           0  0.000000000000000E+000 INT
   0.574793E-07   0.977680E-07   0.277713E-06     1
   0.271812E-06   0.181995E-06   0.170677E-06     1
   0.100383E-06   0.250854E-06   0.115170E-06     1
   0.212218E-06   0.248014E-06   0.228633E-06     1
   0.291943E-07   0.743346E-07   0.442309E-07     1
   0.194531E-07   0.433720E-07   0.141546E-06     1
   0.552848E-07   0.102360E-06   0.121891E-06     1
           2           5  1.001100000000000E-015 VAC
   0.114221E-06   0.142786E-06   0.142767E-06     1   911
   0.142723E-06   0.114184E-06   0.489294E-11     1  1081
   0.228411E-06   0.199864E-06   0.199898E-06     1  1755
   0.999357E-07   0.999467E-07   0.714052E-07     1   666
   0.157052E-06   0.142639E-07   0.713630E-07     1  1006
   0.285268E-07   0.256949E-06   0.856572E-07     1   387
   0.142794E-06   0.285526E-06   0.571592E-07     1  1005
   0.228404E-06   0.285516E-06   0.142767E-06     1  1611
   0.128509E-06   0.999336E-07   0.214142E-06     1   876
   0.998721E-07   0.185527E-06   0.128511E-06     1   730
           2           5  1.001100000000000E-015 INT
   0.130817E-06   0.991073E-07   0.210726E-06     1
   0.382921E-08   0.101546E-06   0.233199E-06     1
   0.215125E-06   0.254652E-07   0.592801E-08     1
   0.990349E-07   0.740668E-07   0.114206E-06     1
   0.263451E-06   0.259175E-06   0.177525E-06     1
   0.565554E-07   0.697467E-07   0.206547E-06     1
   0.257119E-06   0.126369E-06   0.179127E-06     1
           3          10  1.001300400000000E-015 VAC
   0.185553E-06   0.214108E-06   0.271287E-06     1  1360
   0.142049E-07   0.713075E-07   0.428119E-07     1    44
   0.157045E-06   0.185593E-06   0.271269E-06     1  1140
   0.713593E-07   0.214134E-06   0.714118E-07     1   546
   0.142496E-07   0.157026E-06   0.242662E-06     1   118
   0.999594E-07   0.143036E-07   0.999298E-07     1   608
   0.428219E-07   0.185567E-06   0.242720E-06     1   338
   0.114214E-06   0.171331E-06   0.171314E-06     1   933
   0.285499E-07   0.228428E-06   0.114232E-06     1   369
   0.242688E-06   0.185582E-06   0.714074E-07     1  1726
           3          10  1.001300400000000E-015 INT
   0.694025E-07   0.965593E-07   0.171535E-06     1
   0.228703E-06   0.124807E-06   0.685210E-07     1
   0.245224E-06   0.937299E-07   0.276272E-06     1
   0.246126E-07   0.994785E-07   0.141148E-06     1
   0.971580E-07   0.102320E-07   0.113885E-06     1
   0.604299E-07   0.129653E-06   0.110308E-06     1
   0.107346E-06   0.409837E-07   0.568360E-07     1
           4          15  1.001300500200000E-015 VAC
   0.171283E-06   0.856259E-07   0.487031E-11     1  1261
   0.228413E-06   0.142745E-06   0.114198E-06     1  1709
   0.128539E-06   0.143029E-07   0.428953E-07     1   804
   0.285495E-06   0.228429E-06   0.285265E-07     1   163
   0.214155E-06   0.271257E-06   0.271255E-06     1  1600
   0.142852E-07   0.142890E-07   0.428236E-07     1     4
   0.713950E-07   0.271265E-06   0.242729E-06     1   598
   0.242756E-06   0.999895E-07   0.142756E-07     1  1662
   0.271226E-06   0.428675E-07   0.713856E-07     1  1826
   0.185600E-06   0.128546E-06   0.428308E-07     1  1284
           4          15  1.001300500200000E-015 INT
   0.487251E-07   0.113895E-06   0.212493E-06     1
   0.100970E-06   0.257348E-06   0.124572E-07     1
   0.144976E-06   0.695113E-07   0.193390E-06     1
   0.767957E-07   0.284374E-06   0.125348E-06     1
   0.384833E-07   0.284792E-06   0.268096E-06     1
   0.244839E-06   0.278966E-07   0.132535E-06     1
   0.282770E-07   0.131405E-06   0.423348E-07     1
