   0.0000000000000000        0.0000000000000000     
   9.9999997764825821E-003   0.0000000000000000     
   1.9999999552965164E-002   0.0000000000000000     
   2.9999999329447746E-002   0.0000000000000000     
   3.9999999105930328E-002   0.0000000000000000     
   5.0000000745058060E-002   0.0000000000000000     
   5.9999998658895493E-002   0.0000000000000000     
   7.0000000298023224E-002   0.0000000000000000     
   7.9999998211860657E-002   0.0000000000000000     
   9.0000003576278687E-002   0.0000000000000000     
  0.10000000149011612        0.0000000000000000     
  0.10999999940395355        0.0000000000000000     
  0.11999999731779099        0.0000000000000000     
  0.12999999523162842        0.0000000000000000     
  0.14000000059604645        0.0000000000000000     
  0.15000000596046448        0.0000000000000000     
  0.15999999642372131        0.0000000000000000     
  0.17000000178813934        0.0000000000000000     
  0.18000000715255737        0.0000000000000000     
  0.18999999761581421        0.0000000000000000     
  0.20000000298023224        0.0000000000000000     
  0.20999999344348907        0.0000000000000000     
  0.21999999880790710        0.0000000000000000     
  0.23000000417232513        0.0000000000000000     
  0.23999999463558197        0.0000000000000000     
  0.25000000000000000        0.0000000000000000     
  0.25999999046325684        0.0000000000000000     
  0.27000001072883606        0.0000000000000000     
  0.28000000119209290        0.0000000000000000     
  0.28999999165534973        0.0000000000000000     
  0.30000001192092896        0.0000000000000000     
  0.31000000238418579        0.0000000000000000     
  0.31999999284744263        0.0000000000000000     
  0.33000001311302185        0.0000000000000000     
  0.34000000357627869        0.0000000000000000     
  0.34999999403953552        0.0000000000000000     
  0.36000001430511475        0.0000000000000000     
  0.37000000476837158        0.0000000000000000     
  0.37999999523162842        0.0000000000000000     
  0.38999998569488525        0.0000000000000000     
  0.40000000596046448        0.0000000000000000     
  0.40999999642372131        0.0000000000000000     
  0.41999998688697815        0.0000000000000000     
  0.43000000715255737        0.0000000000000000     
  0.43999999761581421        0.0000000000000000     
  0.44999998807907104        0.0000000000000000     
  0.46000000834465027        0.0000000000000000     
  0.46999999880790710        0.0000000000000000     
  0.47999998927116394        0.0000000000000000     
  0.49000000953674316        0.0000000000000000     
  0.50000000000000000        0.0000000000000000     
  0.50999999046325684        0.0000000000000000     
  0.51999998092651367        0.0000000000000000     
  0.52999997138977051        0.0000000000000000     
  0.54000002145767212        0.0000000000000000     
  0.55000001192092896        0.0000000000000000     
  0.56000000238418579        0.0000000000000000     
  0.56999999284744263        0.0000000000000000     
  0.57999998331069946        0.0000000000000000     
  0.58999997377395630        0.0000000000000000     
  0.60000002384185791        0.0000000000000000     
  0.61000001430511475        0.0000000000000000     
  0.62000000476837158        0.0000000000000000     
  0.62999999523162842        0.0000000000000000     
  0.63999998569488525        0.0000000000000000     
  0.64999997615814209        0.0000000000000000     
  0.66000002622604370        0.0000000000000000     
  0.67000001668930054        0.0000000000000000     
  0.68000000715255737        0.0000000000000000     
  0.68999999761581421        0.0000000000000000     
  0.69999998807907104        0.0000000000000000     
  0.70999997854232788        0.0000000000000000     
  0.72000002861022949        0.0000000000000000     
  0.73000001907348633        0.0000000000000000     
  0.74000000953674316        0.0000000000000000     
  0.75000000000000000        0.0000000000000000     
  0.75999999046325684        0.0000000000000000     
  0.76999998092651367        0.0000000000000000     
  0.77999997138977051        0.0000000000000000     
  0.79000002145767212        0.0000000000000000     
  0.80000001192092896        0.0000000000000000     
  0.81000000238418579        0.0000000000000000     
  0.81999999284744263        0.0000000000000000     
  0.82999998331069946        0.0000000000000000     
  0.83999997377395630        0.0000000000000000     
  0.85000002384185791        0.0000000000000000     
  0.86000001430511475        0.0000000000000000     
  0.87000000476837158        0.0000000000000000     
  0.87999999523162842        0.0000000000000000     
  0.88999998569488525        0.0000000000000000     
  0.89999997615814209        0.0000000000000000     
  0.91000002622604370        0.0000000000000000     
  0.92000001668930054        0.0000000000000000     
  0.93000000715255737        0.0000000000000000     
  0.93999999761581421        0.0000000000000000     
  0.94999998807907104        0.0000000000000000     
  0.95999997854232788        0.0000000000000000     
  0.97000002861022949        0.0000000000000000     
  0.98000001907348633        0.0000000000000000     
  0.99000000953674316        0.0000000000000000     
   1.0000000000000000        0.0000000000000000     
   1.0099999904632568        0.0000000000000000     
   1.0199999809265137        0.0000000000000000     
   1.0299999713897705        0.0000000000000000     
   1.0399999618530273        0.0000000000000000     
   1.0499999523162842        0.0000000000000000     
   1.0599999427795410        0.0000000000000000     
   1.0700000524520874        0.0000000000000000     
   1.0800000429153442        0.0000000000000000     
   1.0900000333786011        0.0000000000000000     
   1.1000000238418579        0.0000000000000000     
   1.1100000143051147        0.0000000000000000     
   1.1200000047683716        0.0000000000000000     
   1.1299999952316284        0.0000000000000000     
   1.1399999856948853        0.0000000000000000     
   1.1499999761581421        0.0000000000000000     
   1.1599999666213989        0.0000000000000000     
   1.1699999570846558        0.0000000000000000     
   1.1799999475479126        0.0000000000000000     
   1.1900000572204590        0.0000000000000000     
   1.2000000476837158        0.0000000000000000     
   1.2100000381469727        1.1102230246251565E-016
   1.2200000286102295        1.1657341758564144E-015
   1.2300000190734863        1.1157741397482823E-014
   1.2400000095367432        9.6256336235001072E-014
   1.2500000000000000        7.6871842225045839E-013
   1.2599999904632568        5.6760707245473441E-012
   1.2699999809265137        3.8747838271291357E-011
   1.2799999713897705        2.4458424174866877E-010
   1.2899999618530273        1.4277377058391494E-009
   1.2999999523162842        7.7085683947153427E-009
   1.3099999427795410        3.8501617949382450E-008
   1.3200000524520874        1.7793288892287151E-007
   1.3300000429153442        7.6100130125267285E-007
   1.3400000333786011        3.0128940267104554E-006
   1.3500000238418579        1.1045281699872955E-005
   1.3600000143051147        3.7506660877262288E-005
   1.3700000047683716        1.1801727063737166E-004
   1.3799999952316284        3.4425677877603089E-004
   1.3899999856948853        9.3142187266720411E-004
   1.3999999761581421        2.3388625631350357E-003
   1.4099999666213989        5.4547344315733493E-003
   1.4199999570846558        1.1825770893078624E-002
   1.4299999475479126        2.3857356750554615E-002
   1.4400000572204590        4.4843163861054802E-002
   1.4500000476837158        7.8649801464010738E-002
   1.4600000381469727       0.12894974461537345     
   1.4700000286102295       0.19807217980826686     
   1.4800000190734863       0.28580400587614196     
   1.4900000095367432       0.38864880878591490     
   1.5000000000000000       0.50000000000000000     
   1.5099999904632568       0.61135119121408510     
   1.5199999809265137       0.71419599412385804     
   1.5299999713897705       0.80192782019173314     
   1.5399999618530273       0.87105025538462655     
   1.5499999523162842       0.92135019853598932     
   1.5599999427795410       0.95515683613894520     
   1.5700000524520874       0.97614264324944533     
   1.5800000429153442       0.98817422910692132     
   1.5900000333786011       0.99454526556842660     
   1.6000000238418579       0.99766113743686491     
   1.6100000143051147       0.99906857812733274     
   1.6200000047683716       0.99965574322122397     
   1.6299999952316284       0.99988198272936257     
   1.6399999856948853       0.99996249333912268     
   1.6499999761581421       0.99998895471830007     
   1.6599999666213989       0.99999698710597329     
   1.6699999570846558       0.99999923899869869     
   1.6799999475479126       0.99999982206711113     
   1.6900000572204590       0.99999996149838211     
   1.7000000476837158       0.99999999229143155     
   1.7100000381469727       0.99999999857226229     
   1.7200000286102295       0.99999999975541576     
   1.7300000190734863       0.99999999996125211     
   1.7400000095367432       0.99999999999432387     
   1.7500000000000000       0.99999999999923128     
   1.7599999904632568       0.99999999999990374     
   1.7699999809265137       0.99999999999998890     
   1.7799999713897705       0.99999999999999889     
   1.7899999618530273       0.99999999999999989     
   1.7999999523162842        1.0000000000000000     
   1.8099999427795410        1.0000000000000000     
   1.8200000524520874        1.0000000000000000     
   1.8300000429153442        1.0000000000000000     
   1.8400000333786011        1.0000000000000000     
   1.8500000238418579        1.0000000000000000     
   1.8600000143051147        1.0000000000000000     
   1.8700000047683716        1.0000000000000000     
   1.8799999952316284        1.0000000000000000     
   1.8899999856948853        1.0000000000000000     
   1.8999999761581421        1.0000000000000000     
   1.9099999666213989        1.0000000000000000     
   1.9199999570846558        1.0000000000000000     
   1.9299999475479126        1.0000000000000000     
   1.9400000572204590        1.0000000000000000     
   1.9500000476837158        1.0000000000000000     
   1.9600000381469727        1.0000000000000000     
   1.9700000286102295        1.0000000000000000     
   1.9800000190734863        1.0000000000000000     
   1.9900000095367432        1.0000000000000000     
   2.0000000000000000        1.0000000000000000     
   2.0099999904632568        1.0000000000000000     
   2.0199999809265137        1.0000000000000000     
   2.0299999713897705        1.0000000000000000     
   2.0399999618530273        1.0000000000000000     
   2.0499999523162842        1.0000000000000000     
   2.0599999427795410        1.0000000000000000     
   2.0699999332427979        1.0000000000000000     
   2.0799999237060547        1.0000000000000000     
   2.0899999141693115        1.0000000000000000     
   2.0999999046325684        1.0000000000000000     
   2.1099998950958252        1.0000000000000000     
   2.1199998855590820        1.0000000000000000     
   2.1300001144409180        1.0000000000000000     
   2.1400001049041748        1.0000000000000000     
   2.1500000953674316        1.0000000000000000     
   2.1600000858306885        1.0000000000000000     
   2.1700000762939453        1.0000000000000000     
   2.1800000667572021        1.0000000000000000     
   2.1900000572204590        1.0000000000000000     
   2.2000000476837158        1.0000000000000000     
   2.2100000381469727        1.0000000000000000     
   2.2200000286102295        1.0000000000000000     
   2.2300000190734863        1.0000000000000000     
   2.2400000095367432        1.0000000000000000     
   2.2500000000000000        1.0000000000000000     
   2.2599999904632568        1.0000000000000000     
   2.2699999809265137        1.0000000000000000     
   2.2799999713897705        1.0000000000000000     
   2.2899999618530273        1.0000000000000000     
   2.2999999523162842        1.0000000000000000     
   2.3099999427795410        1.0000000000000000     
   2.3199999332427979        1.0000000000000000     
   2.3299999237060547        1.0000000000000000     
   2.3399999141693115        1.0000000000000000     
   2.3499999046325684        1.0000000000000000     
   2.3599998950958252        1.0000000000000000     
   2.3699998855590820        1.0000000000000000     
   2.3800001144409180        1.0000000000000000     
   2.3900001049041748        1.0000000000000000     
   2.4000000953674316        1.0000000000000000     
   2.4100000858306885        1.0000000000000000     
   2.4200000762939453        1.0000000000000000     
   2.4300000667572021        1.0000000000000000     
   2.4400000572204590        1.0000000000000000     
   2.4500000476837158        1.0000000000000000     
   2.4600000381469727        1.0000000000000000     
   2.4700000286102295        1.0000000000000000     
   2.4800000190734863        1.0000000000000000     
   2.4900000095367432        1.0000000000000000     
   2.5000000000000000        1.0000000000000000     
   2.5099999904632568        1.0000000000000000     
   2.5199999809265137        1.0000000000000000     
   2.5299999713897705        1.0000000000000000     
   2.5399999618530273        1.0000000000000000     
   2.5499999523162842        1.0000000000000000     
   2.5599999427795410        1.0000000000000000     
   2.5699999332427979        1.0000000000000000     
   2.5799999237060547        1.0000000000000000     
   2.5899999141693115        1.0000000000000000     
   2.5999999046325684        1.0000000000000000     
   2.6099998950958252        1.0000000000000000     
   2.6199998855590820        1.0000000000000000     
   2.6300001144409180        1.0000000000000000     
   2.6400001049041748        1.0000000000000000     
   2.6500000953674316        1.0000000000000000     
   2.6600000858306885        1.0000000000000000     
   2.6700000762939453        1.0000000000000000     
   2.6800000667572021        1.0000000000000000     
   2.6900000572204590        1.0000000000000000     
   2.7000000476837158        1.0000000000000000     
   2.7100000381469727        1.0000000000000000     
   2.7200000286102295        1.0000000000000000     
   2.7300000190734863        1.0000000000000000     
   2.7400000095367432        1.0000000000000000     
   2.7500000000000000        1.0000000000000000     
   2.7599999904632568        1.0000000000000000     
   2.7699999809265137        1.0000000000000000     
   2.7799999713897705        1.0000000000000000     
   2.7899999618530273        1.0000000000000000     
   2.7999999523162842        1.0000000000000000     
   2.8099999427795410        1.0000000000000000     
   2.8199999332427979        1.0000000000000000     
   2.8299999237060547        1.0000000000000000     
   2.8399999141693115        1.0000000000000000     
   2.8499999046325684        1.0000000000000000     
   2.8599998950958252        1.0000000000000000     
   2.8699998855590820        1.0000000000000000     
   2.8800001144409180        1.0000000000000000     
   2.8900001049041748        1.0000000000000000     
   2.9000000953674316        1.0000000000000000     
   2.9100000858306885        1.0000000000000000     
   2.9200000762939453        1.0000000000000000     
   2.9300000667572021        1.0000000000000000     
   2.9400000572204590        1.0000000000000000     
   2.9500000476837158        1.0000000000000000     
   2.9600000381469727        1.0000000000000000     
   2.9700000286102295        1.0000000000000000     
   2.9800000190734863        1.0000000000000000     
   2.9900000095367432        1.0000000000000000     
   3.0000000000000000        1.0000000000000000     
   3.0099999904632568        1.0000000000000000     
   3.0199999809265137        1.0000000000000000     
   3.0299999713897705        1.0000000000000000     
   3.0399999618530273        1.0000000000000000     
   3.0499999523162842        1.0000000000000000     
   3.0599999427795410        1.0000000000000000     
   3.0699999332427979        1.0000000000000000     
   3.0799999237060547        1.0000000000000000     
   3.0899999141693115        1.0000000000000000     
   3.0999999046325684        1.0000000000000000     
   3.1099998950958252        1.0000000000000000     
   3.1199998855590820        1.0000000000000000     
   3.1300001144409180        1.0000000000000000     
   3.1400001049041748        1.0000000000000000     
   3.1500000953674316        1.0000000000000000     
   3.1600000858306885        1.0000000000000000     
   3.1700000762939453        1.0000000000000000     
   3.1800000667572021        1.0000000000000000     
   3.1900000572204590        1.0000000000000000     
   3.2000000476837158        1.0000000000000000     
   3.2100000381469727        1.0000000000000000     
   3.2200000286102295        1.0000000000000000     
   3.2300000190734863        1.0000000000000000     
   3.2400000095367432        1.0000000000000000     
   3.2500000000000000        1.0000000000000000     
   3.2599999904632568        1.0000000000000000     
   3.2699999809265137        1.0000000000000000     
   3.2799999713897705        1.0000000000000000     
   3.2899999618530273        1.0000000000000000     
   3.2999999523162842        1.0000000000000000     
   3.3099999427795410        1.0000000000000000     
   3.3199999332427979        1.0000000000000000     
   3.3299999237060547        1.0000000000000000     
   3.3399999141693115        1.0000000000000000     
   3.3499999046325684        1.0000000000000000     
   3.3599998950958252        1.0000000000000000     
   3.3699998855590820        1.0000000000000000     
   3.3800001144409180        1.0000000000000000     
   3.3900001049041748        1.0000000000000000     
   3.4000000953674316        1.0000000000000000     
   3.4100000858306885        1.0000000000000000     
   3.4200000762939453        1.0000000000000000     
   3.4300000667572021        1.0000000000000000     
   3.4400000572204590        1.0000000000000000     
   3.4500000476837158        1.0000000000000000     
   3.4600000381469727        1.0000000000000000     
   3.4700000286102295        1.0000000000000000     
   3.4800000190734863        1.0000000000000000     
   3.4900000095367432        1.0000000000000000     
   3.5000000000000000        1.0000000000000000     
   3.5099999904632568        1.0000000000000000     
   3.5199999809265137        1.0000000000000000     
   3.5299999713897705        1.0000000000000000     
   3.5399999618530273        1.0000000000000000     
   3.5499999523162842        1.0000000000000000     
   3.5599999427795410        1.0000000000000000     
   3.5699999332427979        1.0000000000000000     
   3.5799999237060547        1.0000000000000000     
   3.5899999141693115        1.0000000000000000     
   3.5999999046325684        1.0000000000000000     
   3.6099998950958252        1.0000000000000000     
   3.6199998855590820        1.0000000000000000     
   3.6300001144409180        1.0000000000000000     
   3.6400001049041748        1.0000000000000000     
   3.6500000953674316        1.0000000000000000     
   3.6600000858306885        1.0000000000000000     
   3.6700000762939453        1.0000000000000000     
   3.6800000667572021        1.0000000000000000     
   3.6900000572204590        1.0000000000000000     
   3.7000000476837158        1.0000000000000000     
   3.7100000381469727        1.0000000000000000     
   3.7200000286102295        1.0000000000000000     
   3.7300000190734863        1.0000000000000000     
   3.7400000095367432        1.0000000000000000     
   3.7500000000000000        1.0000000000000000     
   3.7599999904632568        1.0000000000000000     
   3.7699999809265137        1.0000000000000000     
   3.7799999713897705        1.0000000000000000     
   3.7899999618530273        1.0000000000000000     
   3.7999999523162842        1.0000000000000000     
   3.8099999427795410        1.0000000000000000     
   3.8199999332427979        1.0000000000000000     
   3.8299999237060547        1.0000000000000000     
   3.8399999141693115        1.0000000000000000     
   3.8499999046325684        1.0000000000000000     
   3.8599998950958252        1.0000000000000000     
   3.8699998855590820        1.0000000000000000     
   3.8800001144409180        1.0000000000000000     
   3.8900001049041748        1.0000000000000000     
   3.9000000953674316        1.0000000000000000     
   3.9100000858306885        1.0000000000000000     
   3.9200000762939453        1.0000000000000000     
   3.9300000667572021        1.0000000000000000     
   3.9400000572204590        1.0000000000000000     
   3.9500000476837158        1.0000000000000000     
   3.9600000381469727        1.0000000000000000     
   3.9700000286102295        1.0000000000000000     
   3.9800000190734863        1.0000000000000000     
   3.9900000095367432        1.0000000000000000     
   4.0000000000000000        1.0000000000000000     
   4.0100002288818359        1.0000000000000000     
   4.0199999809265137        1.0000000000000000     
   4.0300002098083496        1.0000000000000000     
   4.0399999618530273        1.0000000000000000     
   4.0500001907348633        1.0000000000000000     
   4.0599999427795410        1.0000000000000000     
   4.0700001716613770        1.0000000000000000     
   4.0799999237060547        1.0000000000000000     
   4.0900001525878906        1.0000000000000000     
   4.0999999046325684        1.0000000000000000     
   4.1100001335144043        1.0000000000000000     
   4.1199998855590820        1.0000000000000000     
   4.1300001144409180        1.0000000000000000     
   4.1399998664855957        1.0000000000000000     
   4.1500000953674316        1.0000000000000000     
   4.1599998474121094        1.0000000000000000     
   4.1700000762939453        1.0000000000000000     
   4.1799998283386230        1.0000000000000000     
   4.1900000572204590        1.0000000000000000     
   4.1999998092651367        1.0000000000000000     
   4.2100000381469727        1.0000000000000000     
   4.2199997901916504        1.0000000000000000     
   4.2300000190734863        1.0000000000000000     
   4.2399997711181641        1.0000000000000000     
   4.2500000000000000        1.0000000000000000     
   4.2600002288818359        1.0000000000000000     
   4.2699999809265137        1.0000000000000000     
   4.2800002098083496        1.0000000000000000     
   4.2899999618530273        1.0000000000000000     
   4.3000001907348633        1.0000000000000000     
   4.3099999427795410        1.0000000000000000     
   4.3200001716613770        1.0000000000000000     
   4.3299999237060547        1.0000000000000000     
   4.3400001525878906        1.0000000000000000     
   4.3499999046325684        1.0000000000000000     
   4.3600001335144043        1.0000000000000000     
   4.3699998855590820        1.0000000000000000     
   4.3800001144409180        1.0000000000000000     
   4.3899998664855957        1.0000000000000000     
   4.4000000953674316        1.0000000000000000     
   4.4099998474121094        1.0000000000000000     
   4.4200000762939453        1.0000000000000000     
   4.4299998283386230        1.0000000000000000     
   4.4400000572204590        1.0000000000000000     
   4.4499998092651367        1.0000000000000000     
   4.4600000381469727        1.0000000000000000     
   4.4699997901916504        1.0000000000000000     
   4.4800000190734863        1.0000000000000000     
   4.4899997711181641        1.0000000000000000     
   4.5000000000000000        1.0000000000000000     
   4.5100002288818359        1.0000000000000000     
   4.5199999809265137        1.0000000000000000     
   4.5300002098083496        1.0000000000000000     
   4.5399999618530273        1.0000000000000000     
   4.5500001907348633        1.0000000000000000     
   4.5599999427795410        1.0000000000000000     
   4.5700001716613770        1.0000000000000000     
   4.5799999237060547        1.0000000000000000     
   4.5900001525878906        1.0000000000000000     
   4.5999999046325684        1.0000000000000000     
   4.6100001335144043        1.0000000000000000     
   4.6199998855590820        1.0000000000000000     
   4.6300001144409180        1.0000000000000000     
   4.6399998664855957        1.0000000000000000     
   4.6500000953674316        1.0000000000000000     
   4.6599998474121094        1.0000000000000000     
   4.6700000762939453        1.0000000000000000     
   4.6799998283386230        1.0000000000000000     
   4.6900000572204590        1.0000000000000000     
   4.6999998092651367        1.0000000000000000     
   4.7100000381469727        1.0000000000000000     
   4.7199997901916504        1.0000000000000000     
   4.7300000190734863        1.0000000000000000     
   4.7399997711181641        1.0000000000000000     
   4.7500000000000000        1.0000000000000000     
   4.7600002288818359        1.0000000000000000     
   4.7699999809265137        1.0000000000000000     
   4.7800002098083496        1.0000000000000000     
   4.7899999618530273        1.0000000000000000     
   4.8000001907348633        1.0000000000000000     
   4.8099999427795410        1.0000000000000000     
   4.8200001716613770        1.0000000000000000     
   4.8299999237060547        1.0000000000000000     
   4.8400001525878906        1.0000000000000000     
   4.8499999046325684        1.0000000000000000     
   4.8600001335144043        1.0000000000000000     
   4.8699998855590820        1.0000000000000000     
   4.8800001144409180        1.0000000000000000     
   4.8899998664855957        1.0000000000000000     
   4.9000000953674316        1.0000000000000000     
   4.9099998474121094        1.0000000000000000     
   4.9200000762939453        1.0000000000000000     
   4.9299998283386230        1.0000000000000000     
   4.9400000572204590        1.0000000000000000     
   4.9499998092651367        1.0000000000000000     
   4.9600000381469727        1.0000000000000000     
   4.9699997901916504        1.0000000000000000     
   4.9800000190734863        1.0000000000000000     
   4.9899997711181641        1.0000000000000000     
   5.0000000000000000        1.0000000000000000     
   5.0100002288818359        1.0000000000000000     
   5.0199999809265137        1.0000000000000000     
   5.0300002098083496        1.0000000000000000     
   5.0399999618530273        1.0000000000000000     
   5.0500001907348633        1.0000000000000000     
   5.0599999427795410        1.0000000000000000     
   5.0700001716613770        1.0000000000000000     
   5.0799999237060547        1.0000000000000000     
   5.0900001525878906        1.0000000000000000     
   5.0999999046325684        1.0000000000000000     
   5.1100001335144043        1.0000000000000000     
   5.1199998855590820        1.0000000000000000     
   5.1300001144409180        1.0000000000000000     
   5.1399998664855957        1.0000000000000000     
   5.1500000953674316        1.0000000000000000     
   5.1599998474121094        1.0000000000000000     
   5.1700000762939453        1.0000000000000000     
   5.1799998283386230        1.0000000000000000     
   5.1900000572204590        1.0000000000000000     
   5.1999998092651367        1.0000000000000000     
   5.2100000381469727        1.0000000000000000     
   5.2199997901916504        1.0000000000000000     
   5.2300000190734863        1.0000000000000000     
   5.2399997711181641        1.0000000000000000     
   5.2500000000000000        1.0000000000000000     
   5.2600002288818359        1.0000000000000000     
   5.2699999809265137        1.0000000000000000     
   5.2800002098083496        1.0000000000000000     
   5.2899999618530273        1.0000000000000000     
   5.3000001907348633        1.0000000000000000     
   5.3099999427795410        1.0000000000000000     
   5.3200001716613770        1.0000000000000000     
   5.3299999237060547        1.0000000000000000     
   5.3400001525878906        1.0000000000000000     
   5.3499999046325684        1.0000000000000000     
   5.3600001335144043        1.0000000000000000     
   5.3699998855590820        1.0000000000000000     
   5.3800001144409180        1.0000000000000000     
   5.3899998664855957        1.0000000000000000     
   5.4000000953674316        1.0000000000000000     
   5.4099998474121094        1.0000000000000000     
   5.4200000762939453        1.0000000000000000     
   5.4299998283386230        1.0000000000000000     
   5.4400000572204590        1.0000000000000000     
   5.4499998092651367        1.0000000000000000     
   5.4600000381469727        1.0000000000000000     
   5.4699997901916504        1.0000000000000000     
   5.4800000190734863        1.0000000000000000     
   5.4899997711181641        1.0000000000000000     
   5.5000000000000000        1.0000000000000000     
   5.5100002288818359        1.0000000000000000     
   5.5199999809265137        1.0000000000000000     
   5.5300002098083496        1.0000000000000000     
   5.5399999618530273        1.0000000000000000     
   5.5500001907348633        1.0000000000000000     
   5.5599999427795410        1.0000000000000000     
   5.5700001716613770        1.0000000000000000     
   5.5799999237060547        1.0000000000000000     
   5.5900001525878906        1.0000000000000000     
   5.5999999046325684        1.0000000000000000     
   5.6100001335144043        1.0000000000000000     
   5.6199998855590820        1.0000000000000000     
   5.6300001144409180        1.0000000000000000     
   5.6399998664855957        1.0000000000000000     
   5.6500000953674316        1.0000000000000000     
   5.6599998474121094        1.0000000000000000     
   5.6700000762939453        1.0000000000000000     
   5.6799998283386230        1.0000000000000000     
   5.6900000572204590        1.0000000000000000     
   5.6999998092651367        1.0000000000000000     
   5.7100000381469727        1.0000000000000000     
   5.7199997901916504        1.0000000000000000     
   5.7300000190734863        1.0000000000000000     
   5.7399997711181641        1.0000000000000000     
   5.7500000000000000        1.0000000000000000     
   5.7600002288818359        1.0000000000000000     
   5.7699999809265137        1.0000000000000000     
   5.7800002098083496        1.0000000000000000     
   5.7899999618530273        1.0000000000000000     
   5.8000001907348633        1.0000000000000000     
   5.8099999427795410        1.0000000000000000     
   5.8200001716613770        1.0000000000000000     
   5.8299999237060547        1.0000000000000000     
   5.8400001525878906        1.0000000000000000     
   5.8499999046325684        1.0000000000000000     
   5.8600001335144043        1.0000000000000000     
   5.8699998855590820        1.0000000000000000     
   5.8800001144409180        1.0000000000000000     
   5.8899998664855957        1.0000000000000000     
   5.9000000953674316        1.0000000000000000     
   5.9099998474121094        1.0000000000000000     
   5.9200000762939453        1.0000000000000000     
   5.9299998283386230        1.0000000000000000     
   5.9400000572204590        1.0000000000000000     
   5.9499998092651367        1.0000000000000000     
   5.9600000381469727        1.0000000000000000     
   5.9699997901916504        1.0000000000000000     
   5.9800000190734863        1.0000000000000000     
   5.9899997711181641        1.0000000000000000     
   6.0000000000000000        1.0000000000000000     
   6.0100002288818359        1.0000000000000000     
   6.0199999809265137        1.0000000000000000     
   6.0300002098083496        1.0000000000000000     
   6.0399999618530273        1.0000000000000000     
   6.0500001907348633        1.0000000000000000     
   6.0599999427795410        1.0000000000000000     
   6.0700001716613770        1.0000000000000000     
   6.0799999237060547        1.0000000000000000     
   6.0900001525878906        1.0000000000000000     
   6.0999999046325684        1.0000000000000000     
   6.1100001335144043        1.0000000000000000     
   6.1199998855590820        1.0000000000000000     
   6.1300001144409180        1.0000000000000000     
   6.1399998664855957        1.0000000000000000     
   6.1500000953674316        1.0000000000000000     
   6.1599998474121094        1.0000000000000000     
   6.1700000762939453        1.0000000000000000     
   6.1799998283386230        1.0000000000000000     
   6.1900000572204590        1.0000000000000000     
   6.1999998092651367        1.0000000000000000     
   6.2100000381469727        1.0000000000000000     
   6.2199997901916504        1.0000000000000000     
   6.2300000190734863        1.0000000000000000     
   6.2399997711181641        1.0000000000000000     
   6.2500000000000000        1.0000000000000000     
   6.2600002288818359        1.0000000000000000     
   6.2699999809265137        1.0000000000000000     
   6.2800002098083496        1.0000000000000000     
   6.2899999618530273        1.0000000000000000     
   6.3000001907348633        1.0000000000000000     
   6.3099999427795410        1.0000000000000000     
   6.3200001716613770        1.0000000000000000     
   6.3299999237060547        1.0000000000000000     
   6.3400001525878906        1.0000000000000000     
   6.3499999046325684        1.0000000000000000     
   6.3600001335144043        1.0000000000000000     
   6.3699998855590820        1.0000000000000000     
   6.3800001144409180        1.0000000000000000     
   6.3899998664855957        1.0000000000000000     
   6.4000000953674316        1.0000000000000000     
   6.4099998474121094        1.0000000000000000     
   6.4200000762939453        1.0000000000000000     
   6.4299998283386230        1.0000000000000000     
   6.4400000572204590        1.0000000000000000     
   6.4499998092651367        1.0000000000000000     
   6.4600000381469727        1.0000000000000000     
   6.4699997901916504        1.0000000000000000     
   6.4800000190734863        1.0000000000000000     
   6.4899997711181641        1.0000000000000000     
   6.5000000000000000        1.0000000000000000     
   6.5100002288818359        1.0000000000000000     
   6.5199999809265137        1.0000000000000000     
   6.5300002098083496        1.0000000000000000     
   6.5399999618530273        1.0000000000000000     
   6.5500001907348633        1.0000000000000000     
   6.5599999427795410        1.0000000000000000     
   6.5700001716613770        1.0000000000000000     
   6.5799999237060547        1.0000000000000000     
   6.5900001525878906        1.0000000000000000     
   6.5999999046325684        1.0000000000000000     
   6.6100001335144043        1.0000000000000000     
   6.6199998855590820        1.0000000000000000     
   6.6300001144409180        1.0000000000000000     
   6.6399998664855957        1.0000000000000000     
   6.6500000953674316        1.0000000000000000     
   6.6599998474121094        1.0000000000000000     
   6.6700000762939453        1.0000000000000000     
   6.6799998283386230        1.0000000000000000     
   6.6900000572204590        1.0000000000000000     
   6.6999998092651367        1.0000000000000000     
   6.7100000381469727        1.0000000000000000     
   6.7199997901916504        1.0000000000000000     
   6.7300000190734863        1.0000000000000000     
   6.7399997711181641        1.0000000000000000     
   6.7500000000000000        1.0000000000000000     
   6.7600002288818359        1.0000000000000000     
   6.7699999809265137        1.0000000000000000     
   6.7800002098083496        1.0000000000000000     
   6.7899999618530273        1.0000000000000000     
   6.8000001907348633        1.0000000000000000     
   6.8099999427795410        1.0000000000000000     
   6.8200001716613770        1.0000000000000000     
   6.8299999237060547        1.0000000000000000     
   6.8400001525878906        1.0000000000000000     
   6.8499999046325684        1.0000000000000000     
   6.8600001335144043        1.0000000000000000     
   6.8699998855590820        1.0000000000000000     
   6.8800001144409180        1.0000000000000000     
   6.8899998664855957        1.0000000000000000     
   6.9000000953674316        1.0000000000000000     
   6.9099998474121094        1.0000000000000000     
   6.9200000762939453        1.0000000000000000     
   6.9299998283386230        1.0000000000000000     
   6.9400000572204590        1.0000000000000000     
   6.9499998092651367        1.0000000000000000     
   6.9600000381469727        1.0000000000000000     
   6.9699997901916504        1.0000000000000000     
   6.9800000190734863        1.0000000000000000     
   6.9899997711181641        1.0000000000000000     
   7.0000000000000000        1.0000000000000000     
   7.0100002288818359        1.0000000000000000     
   7.0199999809265137        1.0000000000000000     
   7.0300002098083496        1.0000000000000000     
   7.0399999618530273        1.0000000000000000     
   7.0500001907348633        1.0000000000000000     
   7.0599999427795410        1.0000000000000000     
   7.0700001716613770        1.0000000000000000     
   7.0799999237060547        1.0000000000000000     
   7.0900001525878906        1.0000000000000000     
   7.0999999046325684        1.0000000000000000     
   7.1100001335144043        1.0000000000000000     
   7.1199998855590820        1.0000000000000000     
   7.1300001144409180        1.0000000000000000     
   7.1399998664855957        1.0000000000000000     
   7.1500000953674316        1.0000000000000000     
   7.1599998474121094        1.0000000000000000     
   7.1700000762939453        1.0000000000000000     
   7.1799998283386230        1.0000000000000000     
   7.1900000572204590        1.0000000000000000     
   7.1999998092651367        1.0000000000000000     
   7.2100000381469727        1.0000000000000000     
   7.2199997901916504        1.0000000000000000     
   7.2300000190734863        1.0000000000000000     
   7.2399997711181641        1.0000000000000000     
   7.2500000000000000        1.0000000000000000     
   7.2600002288818359        1.0000000000000000     
   7.2699999809265137        1.0000000000000000     
   7.2800002098083496        1.0000000000000000     
   7.2899999618530273        1.0000000000000000     
   7.3000001907348633        1.0000000000000000     
   7.3099999427795410        1.0000000000000000     
   7.3200001716613770        1.0000000000000000     
   7.3299999237060547        1.0000000000000000     
   7.3400001525878906        1.0000000000000000     
   7.3499999046325684        1.0000000000000000     
   7.3600001335144043        1.0000000000000000     
   7.3699998855590820        1.0000000000000000     
   7.3800001144409180        1.0000000000000000     
   7.3899998664855957        1.0000000000000000     
   7.4000000953674316        1.0000000000000000     
   7.4099998474121094        1.0000000000000000     
   7.4200000762939453        1.0000000000000000     
   7.4299998283386230        1.0000000000000000     
   7.4400000572204590        1.0000000000000000     
   7.4499998092651367        1.0000000000000000     
   7.4600000381469727        1.0000000000000000     
   7.4699997901916504        1.0000000000000000     
   7.4800000190734863        1.0000000000000000     
   7.4899997711181641        1.0000000000000000     
   7.5000000000000000        1.0000000000000000     
   7.5100002288818359        1.0000000000000000     
   7.5199999809265137        1.0000000000000000     
   7.5300002098083496        1.0000000000000000     
   7.5399999618530273        1.0000000000000000     
   7.5500001907348633        1.0000000000000000     
   7.5599999427795410        1.0000000000000000     
   7.5700001716613770        1.0000000000000000     
   7.5799999237060547        1.0000000000000000     
   7.5900001525878906        1.0000000000000000     
   7.5999999046325684        1.0000000000000000     
   7.6100001335144043        1.0000000000000000     
   7.6199998855590820        1.0000000000000000     
   7.6300001144409180        1.0000000000000000     
   7.6399998664855957        1.0000000000000000     
   7.6500000953674316        1.0000000000000000     
   7.6599998474121094        1.0000000000000000     
   7.6700000762939453        1.0000000000000000     
   7.6799998283386230        1.0000000000000000     
   7.6900000572204590        1.0000000000000000     
   7.6999998092651367        1.0000000000000000     
   7.7100000381469727        1.0000000000000000     
   7.7199997901916504        1.0000000000000000     
   7.7300000190734863        1.0000000000000000     
   7.7399997711181641        1.0000000000000000     
   7.7500000000000000        1.0000000000000000     
   7.7600002288818359        1.0000000000000000     
   7.7699999809265137        1.0000000000000000     
   7.7800002098083496        1.0000000000000000     
   7.7899999618530273        1.0000000000000000     
   7.8000001907348633        1.0000000000000000     
   7.8099999427795410        1.0000000000000000     
   7.8200001716613770        1.0000000000000000     
   7.8299999237060547        1.0000000000000000     
   7.8400001525878906        1.0000000000000000     
   7.8499999046325684        1.0000000000000000     
   7.8600001335144043        1.0000000000000000     
   7.8699998855590820        1.0000000000000000     
   7.8800001144409180        1.0000000000000000     
   7.8899998664855957        1.0000000000000000     
   7.9000000953674316        1.0000000000000000     
   7.9099998474121094        1.0000000000000000     
   7.9200000762939453        1.0000000000000000     
   7.9299998283386230        1.0000000000000000     
   7.9400000572204590        1.0000000000000000     
   7.9499998092651367        1.0000000000000000     
   7.9600000381469727        1.0000000000000000     
   7.9699997901916504        1.0000000000000000     
   7.9800000190734863        1.0000000000000000     
   7.9899997711181641        1.0000000000000000     
   8.0000000000000000        1.0000000000000000     
   8.0100002288818359        1.0000000000000000     
   8.0200004577636719        1.0000000000000000     
   8.0299997329711914        1.0000000000000000     
   8.0399999618530273        1.0000000000000000     
   8.0500001907348633        1.0000000000000000     
   8.0600004196166992        1.0000000000000000     
   8.0699996948242188        1.0000000000000000     
   8.0799999237060547        1.0000000000000000     
   8.0900001525878906        1.0000000000000000     
   8.1000003814697266        1.0000000000000000     
   8.1099996566772461        1.0000000000000000     
   8.1199998855590820        1.0000000000000000     
   8.1300001144409180        1.0000000000000000     
   8.1400003433227539        1.0000000000000000     
   8.1499996185302734        1.0000000000000000     
   8.1599998474121094        1.0000000000000000     
   8.1700000762939453        1.0000000000000000     
   8.1800003051757812        1.0000000000000000     
   8.1899995803833008        1.0000000000000000     
   8.1999998092651367        1.0000000000000000     
   8.2100000381469727        1.0000000000000000     
   8.2200002670288086        1.0000000000000000     
   8.2299995422363281        1.0000000000000000     
   8.2399997711181641        1.0000000000000000     
   8.2500000000000000        1.0000000000000000     
   8.2600002288818359        1.0000000000000000     
   8.2700004577636719        1.0000000000000000     
   8.2799997329711914        1.0000000000000000     
   8.2899999618530273        1.0000000000000000     
   8.3000001907348633        1.0000000000000000     
   8.3100004196166992        1.0000000000000000     
   8.3199996948242188        1.0000000000000000     
   8.3299999237060547        1.0000000000000000     
   8.3400001525878906        1.0000000000000000     
   8.3500003814697266        1.0000000000000000     
   8.3599996566772461        1.0000000000000000     
   8.3699998855590820        1.0000000000000000     
   8.3800001144409180        1.0000000000000000     
   8.3900003433227539        1.0000000000000000     
   8.3999996185302734        1.0000000000000000     
   8.4099998474121094        1.0000000000000000     
   8.4200000762939453        1.0000000000000000     
   8.4300003051757812        1.0000000000000000     
   8.4399995803833008        1.0000000000000000     
   8.4499998092651367        1.0000000000000000     
   8.4600000381469727        1.0000000000000000     
   8.4700002670288086        1.0000000000000000     
   8.4799995422363281        1.0000000000000000     
   8.4899997711181641        1.0000000000000000     
   8.5000000000000000        1.0000000000000000     
   8.5100002288818359        1.0000000000000000     
   8.5200004577636719        1.0000000000000000     
   8.5299997329711914        1.0000000000000000     
   8.5399999618530273        1.0000000000000000     
   8.5500001907348633        1.0000000000000000     
   8.5600004196166992        1.0000000000000000     
   8.5699996948242188        1.0000000000000000     
   8.5799999237060547        1.0000000000000000     
   8.5900001525878906        1.0000000000000000     
   8.6000003814697266        1.0000000000000000     
   8.6099996566772461        1.0000000000000000     
   8.6199998855590820        1.0000000000000000     
   8.6300001144409180        1.0000000000000000     
   8.6400003433227539        1.0000000000000000     
   8.6499996185302734        1.0000000000000000     
   8.6599998474121094        1.0000000000000000     
   8.6700000762939453        1.0000000000000000     
   8.6800003051757812        1.0000000000000000     
   8.6899995803833008        1.0000000000000000     
   8.6999998092651367        1.0000000000000000     
   8.7100000381469727        1.0000000000000000     
   8.7200002670288086        1.0000000000000000     
   8.7299995422363281        1.0000000000000000     
   8.7399997711181641        1.0000000000000000     
   8.7500000000000000        1.0000000000000000     
   8.7600002288818359        1.0000000000000000     
   8.7700004577636719        1.0000000000000000     
   8.7799997329711914        1.0000000000000000     
   8.7899999618530273        1.0000000000000000     
   8.8000001907348633        1.0000000000000000     
   8.8100004196166992        1.0000000000000000     
   8.8199996948242188        1.0000000000000000     
   8.8299999237060547        1.0000000000000000     
   8.8400001525878906        1.0000000000000000     
   8.8500003814697266        1.0000000000000000     
   8.8599996566772461        1.0000000000000000     
   8.8699998855590820        1.0000000000000000     
   8.8800001144409180        1.0000000000000000     
   8.8900003433227539        1.0000000000000000     
   8.8999996185302734        1.0000000000000000     
   8.9099998474121094        1.0000000000000000     
   8.9200000762939453        1.0000000000000000     
   8.9300003051757812        1.0000000000000000     
   8.9399995803833008        1.0000000000000000     
   8.9499998092651367        1.0000000000000000     
   8.9600000381469727        1.0000000000000000     
   8.9700002670288086        1.0000000000000000     
   8.9799995422363281        1.0000000000000000     
   8.9899997711181641        1.0000000000000000     
   9.0000000000000000        1.0000000000000000     
   9.0100002288818359        1.0000000000000000     
   9.0200004577636719        1.0000000000000000     
   9.0299997329711914        1.0000000000000000     
   9.0399999618530273        1.0000000000000000     
   9.0500001907348633        1.0000000000000000     
   9.0600004196166992        1.0000000000000000     
   9.0699996948242188        1.0000000000000000     
   9.0799999237060547        1.0000000000000000     
   9.0900001525878906        1.0000000000000000     
   9.1000003814697266        1.0000000000000000     
   9.1099996566772461        1.0000000000000000     
   9.1199998855590820        1.0000000000000000     
   9.1300001144409180        1.0000000000000000     
   9.1400003433227539        1.0000000000000000     
   9.1499996185302734        1.0000000000000000     
   9.1599998474121094        1.0000000000000000     
   9.1700000762939453        1.0000000000000000     
   9.1800003051757812        1.0000000000000000     
   9.1899995803833008        1.0000000000000000     
   9.1999998092651367        1.0000000000000000     
   9.2100000381469727        1.0000000000000000     
   9.2200002670288086        1.0000000000000000     
   9.2299995422363281        1.0000000000000000     
   9.2399997711181641        1.0000000000000000     
   9.2500000000000000        1.0000000000000000     
   9.2600002288818359        1.0000000000000000     
   9.2700004577636719        1.0000000000000000     
   9.2799997329711914        1.0000000000000000     
   9.2899999618530273        1.0000000000000000     
   9.3000001907348633        1.0000000000000000     
   9.3100004196166992        1.0000000000000000     
   9.3199996948242188        1.0000000000000000     
   9.3299999237060547        1.0000000000000000     
   9.3400001525878906        1.0000000000000000     
   9.3500003814697266        1.0000000000000000     
   9.3599996566772461        1.0000000000000000     
   9.3699998855590820        1.0000000000000000     
   9.3800001144409180        1.0000000000000000     
   9.3900003433227539        1.0000000000000000     
   9.3999996185302734        1.0000000000000000     
   9.4099998474121094        1.0000000000000000     
   9.4200000762939453        1.0000000000000000     
   9.4300003051757812        1.0000000000000000     
   9.4399995803833008        1.0000000000000000     
   9.4499998092651367        1.0000000000000000     
   9.4600000381469727        1.0000000000000000     
   9.4700002670288086        1.0000000000000000     
   9.4799995422363281        1.0000000000000000     
   9.4899997711181641        1.0000000000000000     
   9.5000000000000000        1.0000000000000000     
   9.5100002288818359        1.0000000000000000     
   9.5200004577636719        1.0000000000000000     
   9.5299997329711914        1.0000000000000000     
   9.5399999618530273        1.0000000000000000     
   9.5500001907348633        1.0000000000000000     
   9.5600004196166992        1.0000000000000000     
   9.5699996948242188        1.0000000000000000     
   9.5799999237060547        1.0000000000000000     
   9.5900001525878906        1.0000000000000000     
   9.6000003814697266        1.0000000000000000     
   9.6099996566772461        1.0000000000000000     
   9.6199998855590820        1.0000000000000000     
   9.6300001144409180        1.0000000000000000     
   9.6400003433227539        1.0000000000000000     
   9.6499996185302734        1.0000000000000000     
   9.6599998474121094        1.0000000000000000     
   9.6700000762939453        1.0000000000000000     
   9.6800003051757812        1.0000000000000000     
   9.6899995803833008        1.0000000000000000     
   9.6999998092651367        1.0000000000000000     
   9.7100000381469727        1.0000000000000000     
   9.7200002670288086        1.0000000000000000     
   9.7299995422363281        1.0000000000000000     
   9.7399997711181641        1.0000000000000000     
   9.7500000000000000        1.0000000000000000     
   9.7600002288818359        1.0000000000000000     
   9.7700004577636719        1.0000000000000000     
   9.7799997329711914        1.0000000000000000     
   9.7899999618530273        1.0000000000000000     
   9.8000001907348633        1.0000000000000000     
   9.8100004196166992        1.0000000000000000     
   9.8199996948242188        1.0000000000000000     
   9.8299999237060547        1.0000000000000000     
   9.8400001525878906        1.0000000000000000     
   9.8500003814697266        1.0000000000000000     
   9.8599996566772461        1.0000000000000000     
   9.8699998855590820        1.0000000000000000     
   9.8800001144409180        1.0000000000000000     
   9.8900003433227539        1.0000000000000000     
   9.8999996185302734        1.0000000000000000     
   9.9099998474121094        1.0000000000000000     
   9.9200000762939453        1.0000000000000000     
   9.9300003051757812        1.0000000000000000     
   9.9399995803833008        1.0000000000000000     
   9.9499998092651367        1.0000000000000000     
   9.9600000381469727        1.0000000000000000     
   9.9700002670288086        1.0000000000000000     
   9.9799995422363281        1.0000000000000000     
   9.9899997711181641        1.0000000000000000     
   10.000000000000000        1.0000000000000000     
   10.010000228881836        1.0000000000000000     
   10.020000457763672        1.0000000000000000     
   10.029999732971191        1.0000000000000000     
   10.039999961853027        1.0000000000000000     
   10.050000190734863        1.0000000000000000     
   10.060000419616699        1.0000000000000000     
   10.069999694824219        1.0000000000000000     
   10.079999923706055        1.0000000000000000     
   10.090000152587891        1.0000000000000000     
   10.100000381469727        1.0000000000000000     
   10.109999656677246        1.0000000000000000     
   10.119999885559082        1.0000000000000000     
   10.130000114440918        1.0000000000000000     
   10.140000343322754        1.0000000000000000     
   10.149999618530273        1.0000000000000000     
   10.159999847412109        1.0000000000000000     
   10.170000076293945        1.0000000000000000     
   10.180000305175781        1.0000000000000000     
   10.189999580383301        1.0000000000000000     
   10.199999809265137        1.0000000000000000     
   10.210000038146973        1.0000000000000000     
   10.220000267028809        1.0000000000000000     
   10.229999542236328        1.0000000000000000     
   10.239999771118164        1.0000000000000000     
   10.250000000000000        1.0000000000000000     
   10.260000228881836        1.0000000000000000     
   10.270000457763672        1.0000000000000000     
   10.279999732971191        1.0000000000000000     
   10.289999961853027        1.0000000000000000     
   10.300000190734863        1.0000000000000000     
   10.310000419616699        1.0000000000000000     
   10.319999694824219        1.0000000000000000     
   10.329999923706055        1.0000000000000000     
   10.340000152587891        1.0000000000000000     
   10.350000381469727        1.0000000000000000     
   10.359999656677246        1.0000000000000000     
   10.369999885559082        1.0000000000000000     
   10.380000114440918        1.0000000000000000     
   10.390000343322754        1.0000000000000000     
   10.399999618530273        1.0000000000000000     
   10.409999847412109        1.0000000000000000     
   10.420000076293945        1.0000000000000000     
   10.430000305175781        1.0000000000000000     
   10.439999580383301        1.0000000000000000     
   10.449999809265137        1.0000000000000000     
   10.460000038146973        1.0000000000000000     
   10.470000267028809        1.0000000000000000     
   10.479999542236328        1.0000000000000000     
   10.489999771118164        1.0000000000000000     
   10.500000000000000        1.0000000000000000     
   10.510000228881836        1.0000000000000000     
   10.520000457763672        1.0000000000000000     
   10.529999732971191        1.0000000000000000     
   10.539999961853027        1.0000000000000000     
   10.550000190734863        1.0000000000000000     
   10.560000419616699        1.0000000000000000     
   10.569999694824219        1.0000000000000000     
   10.579999923706055        1.0000000000000000     
   10.590000152587891        1.0000000000000000     
   10.600000381469727        1.0000000000000000     
   10.609999656677246        1.0000000000000000     
   10.619999885559082        1.0000000000000000     
   10.630000114440918        1.0000000000000000     
   10.640000343322754        1.0000000000000000     
   10.649999618530273        1.0000000000000000     
   10.659999847412109        1.0000000000000000     
   10.670000076293945        1.0000000000000000     
   10.680000305175781        1.0000000000000000     
   10.689999580383301        1.0000000000000000     
   10.699999809265137        1.0000000000000000     
   10.710000038146973        1.0000000000000000     
   10.720000267028809        1.0000000000000000     
   10.729999542236328        1.0000000000000000     
   10.739999771118164        1.0000000000000000     
   10.750000000000000        1.0000000000000000     
   10.760000228881836        1.0000000000000000     
   10.770000457763672        1.0000000000000000     
   10.779999732971191        1.0000000000000000     
   10.789999961853027        1.0000000000000000     
   10.800000190734863        1.0000000000000000     
   10.810000419616699        1.0000000000000000     
   10.819999694824219        1.0000000000000000     
   10.829999923706055        1.0000000000000000     
   10.840000152587891        1.0000000000000000     
   10.850000381469727        1.0000000000000000     
   10.859999656677246        1.0000000000000000     
   10.869999885559082        1.0000000000000000     
   10.880000114440918        1.0000000000000000     
   10.890000343322754        1.0000000000000000     
   10.899999618530273        1.0000000000000000     
   10.909999847412109        1.0000000000000000     
   10.920000076293945        1.0000000000000000     
   10.930000305175781        1.0000000000000000     
   10.939999580383301        1.0000000000000000     
   10.949999809265137        1.0000000000000000     
   10.960000038146973        1.0000000000000000     
   10.970000267028809        1.0000000000000000     
   10.979999542236328        1.0000000000000000     
   10.989999771118164        1.0000000000000000     
   11.000000000000000        1.0000000000000000     
   11.010000228881836        1.0000000000000000     
