   0.0000000000000000        0.0000000000000000     
  0.10000000149011612        0.0000000000000000     
  0.20000000298023224        3.6637359812630166E-015
  0.30000001192092896        7.6871842225045839E-013
  0.40000000596046448        9.8308250429113286E-011
  0.50000000000000000        7.7086441119256222E-009
  0.60000002384185791        3.7155015164547223E-007
  0.69999998807907104        1.1045260949471558E-005
  0.80000001192092896        2.0347633331235793E-004
  0.89999997615814209        2.3388687223722671E-003
   1.0000000000000000        1.6947440939944991E-002
   1.1000000238418579        7.8649677752173908E-002
   1.2000000476837158       0.23975027061162052     
   1.2999999523162842       0.50000000000000000     
   1.3999999761581421       0.76024999128604365     
   1.5000000000000000       0.92135044595951543     
   1.6000000238418579       0.98305259450403693     
   1.7000000476837158       0.99766113743686491     
   1.7999999523162842       0.99979652399127750     
   1.8999999761581421       0.99998895475980087     
   2.0000000000000000       0.99999962845145751     
   2.0999999046325684       0.99999999229135583     
   2.2000000476837158       0.99999999990169242     
   2.2999999523162842       0.99999999999923128     
   2.4000000953674316       0.99999999999999634     
   2.5000000000000000        1.0000000000000000     
   2.5999999046325684        1.0000000000000000     
   2.7000000476837158        1.0000000000000000     
   2.7999999523162842        1.0000000000000000     
   2.9000000953674316        1.0000000000000000     
   3.0000000000000000        1.0000000000000000     
   3.0999999046325684        1.0000000000000000     
   3.2000000476837158        1.0000000000000000     
   3.2999999523162842        1.0000000000000000     
   3.4000000953674316        1.0000000000000000     
   3.5000000000000000        1.0000000000000000     
   3.5999999046325684        1.0000000000000000     
   3.7000000476837158        1.0000000000000000     
   3.7999999523162842        1.0000000000000000     
   3.9000000953674316        1.0000000000000000     
   4.0000000000000000        1.0000000000000000     
   4.0999999046325684        1.0000000000000000     
   4.1999998092651367        1.0000000000000000     
   4.3000001907348633        1.0000000000000000     
   4.4000000953674316        1.0000000000000000     
   4.5000000000000000        1.0000000000000000     
   4.5999999046325684        1.0000000000000000     
   4.6999998092651367        1.0000000000000000     
   4.8000001907348633        1.0000000000000000     
   4.9000000953674316        1.0000000000000000     
   5.0000000000000000        1.0000000000000000     
   5.0999999046325684        1.0000000000000000     
   5.1999998092651367        1.0000000000000000     
   5.3000001907348633        1.0000000000000000     
   5.4000000953674316        1.0000000000000000     
   5.5000000000000000        1.0000000000000000     
   5.5999999046325684        1.0000000000000000     
   5.6999998092651367        1.0000000000000000     
   5.8000001907348633        1.0000000000000000     
   5.9000000953674316        1.0000000000000000     
   6.0000000000000000        1.0000000000000000     
   6.0999999046325684        1.0000000000000000     
   6.1999998092651367        1.0000000000000000     
   6.3000001907348633        1.0000000000000000     
   6.4000000953674316        1.0000000000000000     
   6.5000000000000000        1.0000000000000000     
   6.5999999046325684        1.0000000000000000     
   6.6999998092651367        1.0000000000000000     
   6.8000001907348633        1.0000000000000000     
   6.9000000953674316        1.0000000000000000     
   7.0000000000000000        1.0000000000000000     
   7.0999999046325684        1.0000000000000000     
   7.1999998092651367        1.0000000000000000     
   7.3000001907348633        1.0000000000000000     
   7.4000000953674316        1.0000000000000000     
   7.5000000000000000        1.0000000000000000     
   7.5999999046325684        1.0000000000000000     
   7.6999998092651367        1.0000000000000000     
   7.8000001907348633        1.0000000000000000     
   7.9000000953674316        1.0000000000000000     
   8.0000000000000000        1.0000000000000000     
   8.1000003814697266        1.0000000000000000     
   8.1999998092651367        1.0000000000000000     
   8.3000001907348633        1.0000000000000000     
   8.3999996185302734        1.0000000000000000     
   8.5000000000000000        1.0000000000000000     
   8.6000003814697266        1.0000000000000000     
   8.6999998092651367        1.0000000000000000     
   8.8000001907348633        1.0000000000000000     
   8.8999996185302734        1.0000000000000000     
   9.0000000000000000        1.0000000000000000     
   9.1000003814697266        1.0000000000000000     
   9.1999998092651367        1.0000000000000000     
   9.3000001907348633        1.0000000000000000     
   9.3999996185302734        1.0000000000000000     
   9.5000000000000000        1.0000000000000000     
   9.6000003814697266        1.0000000000000000     
   9.6999998092651367        1.0000000000000000     
   9.8000001907348633        1.0000000000000000     
   9.8999996185302734        1.0000000000000000     
   10.000000000000000        1.0000000000000000     
   10.100000381469727        1.0000000000000000     
   10.199999809265137        1.0000000000000000     
   10.300000190734863        1.0000000000000000     
   10.399999618530273        1.0000000000000000     
   10.500000000000000        1.0000000000000000     
   10.600000381469727        1.0000000000000000     
   10.699999809265137        1.0000000000000000     
   10.800000190734863        1.0000000000000000     
   10.899999618530273        1.0000000000000000     
   11.000000000000000        1.0000000000000000     
   11.100000381469727        1.0000000000000000     
