           1  0.37231282399323368        9.5735756061023247E-002
           1   1.1384594463945266       0.58331751459439929     
           1   1.0731515982293038       0.57697891155744252     
           2   1.0694191679480274       0.57460570591460669     
           3   1.0619937930050904       0.56997354703195457     
           4   1.0509015594290279       0.56299439765366099     
           5   1.0363560358030315       0.55385593460359650     
           6   1.0182175648756191       0.54244197634336866     
           1  0.99152591509998012       0.52582635083537599     
           2  0.96691184121495743       0.51023721422904056     
           3  0.93930447166207209       0.49262108165716784     
           4  0.90911496569171268       0.47328495643816143     
           5  0.87632941248980911       0.45215659515420786     
           6  0.84137685079909696       0.42949612784711977     
           1  0.79084019192251098       0.39723538390090124     
           2  0.75265714609908196       0.37180357464102937     
           3  0.71348751979534020       0.34560984680629325     
           4  0.67318253373384385       0.31811976209792747     
           5  0.63258357560158940       0.28977091502558933     
           6  0.59217813600891678       0.26052839807098777     
           1  0.53438490293032381       0.21970186081214343     
           2  0.49737029052941240       0.19003571910522446     
           3  0.46289218102559188       0.16014536075013913     
           4  0.43203472943443805       0.13045243135224008     
           5  0.40562486263904141       0.10107057260877854     
           6  0.38415096305453444       0.10353882465279798     
           1  0.35586451227966165       0.10836703007673336     
           2  0.34848962560776509       0.11407366485987523     
           3  0.34752302848891198       0.11948070003240834     
           4  0.33360024990252490       0.11594071357048258     
           5  0.31669874113512692       0.11197618688710907     
           6  0.30048033244778932       0.10766776911696210     
           1  0.27764727840529058       0.10171279292442371     
           2  0.26410103383481298        9.7043004802235031E-002
           3  0.25201057701152046        9.2103180238862936E-002
           4  0.24144883699040126        8.6883721844519826E-002
           5  0.23204777051127337        8.1481136217384800E-002
           6  0.22396473906625894        7.6110158233817560E-002
           1  0.21145137213598225        6.9035130862346597E-002
           2  0.20239627852600151        6.3391409640403976E-002
           3  0.19414230015524711        5.7664531802618775E-002
           4  0.18675682076421321        5.1875212019768677E-002
           5  0.17982246382079550        4.6256938698809036E-002
           6  0.17389009004890843        4.0706210452442056E-002
