           1  0.37251300902257611        9.5675559067977908E-002
           1   1.1385956572256393       0.58328190825018822     
           1   1.0732864766636998       0.57694323551200166     
           2   1.0695210958078363       0.57455677214797440     
           3   1.0620775966216864       0.56989833884014363     
           4   1.0510668857562755       0.56297495063188563     
           5   1.0365155786343052       0.55385400863498757     
           6   1.0183989222039398       0.54243522767778474     
           1  0.99166607932042417       0.52581949369160208     
           2  0.96715061891216203       0.51028353541351179     
           3  0.93947130328000727       0.49260244614299259     
           4  0.90927062787050228       0.47325733881333248     
           5  0.87646189101960092       0.45217389582895451     
           6  0.84158044763857598       0.42949254198532311     
           1  0.79104565680082839       0.39727699783520198     
           2  0.75288928306036351       0.37185284538760999     
           3  0.71365336990418093       0.34562833867413389     
           4  0.67337976572279257       0.31814370348201992     
           5  0.63277419250376454       0.28980363835677214     
           6  0.59235103939743261       0.26052856828404736     
           1  0.53461516522622055       0.21973453898838383     
           2  0.49753593837291815       0.19004578211285705     
           3  0.46307153074793295       0.16017779059465251     
           4  0.43219098517904264       0.13048167783705805     
           5  0.40576943893571638       0.10110171372088350     
           6  0.38431312406441048       0.10359981176078832     
           1  0.35594894714803071       0.10840922659246331     
           2  0.34859183276410377       0.11412596701937532     
           3  0.34759607021524452       0.11952772564208276     
           4  0.33365564225438937       0.11596983356929116     
           5  0.31669284362768557       0.11201556819396263     
           6  0.30047441077104231       0.10765722530789758     
           1  0.27769084450473197       0.10174416637080096     
           2  0.26410394721456215        9.7039317785841211E-002
           3  0.25203863997960307        9.2112839692062368E-002
           4  0.24148522769963882        8.6901498854072640E-002
           5  0.23209810081080712        8.1494072362243930E-002
           6  0.22399090306988167        7.6110844747156597E-002
           1  0.21149452583264741        6.9011763655403902E-002
           2  0.20245490956108675        6.3395870724366532E-002
           3  0.19421476327770479        5.7662554283489709E-002
           4  0.18679780888443462        5.1849481913985862E-002
           5  0.17991820757803556        4.6228754736756916E-002
           6  0.17397734778890617        4.0720065420197592E-002
