           1   1.3880201066149751       0.78169118888866651     
           1   1.3880200966032428       0.78169118805372551     
           2   1.3829892099344649       0.77839517350821863     
           3   1.3729330872940313       0.77196454686725824     
           4   1.3579408209332717       0.76229601486991228     
           5   1.3381611104054665       0.74950271160242676     
           6   1.3136838505187980       0.73361352140768377     
           1   1.2845905312639416       0.71478661630979823     
           2   1.2513678732162956       0.69319148307614598     
           3   1.2138848164324887       0.66871464589872720     
           4   1.1727799032587420       0.64182801809772727     
           5   1.1281061153051648       0.61235467011654476     
           6   1.0805708657120014       0.58087510914122009     
           1   1.0300473571983679       0.54710264774566453     
           2  0.97717840617009577       0.51128849090298789     
           3  0.92262488134550202       0.47388319883170277     
           4  0.86667762598458398       0.43470128669646702     
           5  0.81022596660191637       0.39434665026457077     
           6  0.75404682354728580       0.35299216652329302     
           1  0.69868566106743768       0.31048628137400575     
           2  0.64564790979032782       0.26732198382172251     
           3  0.59626113902188937       0.22374477775412294     
           4  0.55214410792472046       0.18036724089083209     
           5  0.51513094073575239       0.13733653028046175     
           6  0.48657731560711454       0.12968543908991997     
           1  0.46836306687788376       0.13979244774604946     
           2  0.45789178806105235       0.14730034596495026     
           3  0.45645912580412246       0.15457884598504831     
           4  0.43729386121699459       0.15067040834301210     
           5  0.41472608095972763       0.14623767482108227     
           6  0.39334382816412983       0.14141134912490064     
           1  0.37326315342737004       0.13616156397046833     
           2  0.35503085724999883       0.13066740303599136     
           3  0.33826745585084833       0.12483985456045728     
           4  0.32307968878320203       0.11883278418758232     
           5  0.30962950305569198       0.11248942566973311     
           6  0.29758359119477562       0.10605253531379778     
           1  0.28700328153490190        9.9350535763450820E-002
           2  0.27595413208453967        9.2529027486797269E-002
           3  0.26432026347896476        8.5656910349859935E-002
           4  0.25361289518721791        7.8626637348920281E-002
           5  0.24393197451753321        7.1413509265721126E-002
           6  0.23426166151459726        6.4080636495012888E-002
