           1  -4.2466088421807985E-012
           2  -4.2409218547842450E-012
           3  -4.2482546652063904E-012
           4  -4.2466088421807985E-012
           5  -4.2466088421807985E-012
           6  -4.2409218547842450E-012
           7  -4.2482546652063904E-012
           8  -4.2466088421807985E-012
           9  -4.2466088421807985E-012
          10  -4.2409218547842450E-012
          11  -4.2482546652063904E-012
          12  -4.2466088421807985E-012
          13  -4.2466088421807985E-012
          14  -4.2409218547842450E-012
          15  -4.2482546652063904E-012
          16  -4.2466088421807985E-012
          17  -4.2466088421807985E-012
          18  -4.2409218547842450E-012
          19  -4.2482546652063904E-012
          20  -4.2466088421807994E-012
          21  -4.2466088421807985E-012
          22  -4.2409218547842450E-012
          23  -4.2482546652063904E-012
          24  -4.2466088421807985E-012
          25  -4.2466088421807994E-012
          26  -4.2409218547842450E-012
          27  -4.2482546652063904E-012
          28  -4.2466088421807994E-012
          29  -4.2466088421807994E-012
          30  -4.2409218547842450E-012
          31  -4.2482546652063904E-012
          32  -4.2466088421807994E-012
