   12793227932958.307     
   12793232761473.709     
   12795653198191.682     
   12795658025334.906     
   12795668637503.375     
   12795678377668.668     
   12800515222382.404     
   12800520047428.590     
   12800530694382.932     
   12800540401870.402     
   12802931055096.043     
   12802935878736.467     
   13629882813324.299     
   13629884296172.674     
   13629907582200.393     
   13629907582310.797     
   13633298556018.969     
   13633298624359.299     
   13633307529989.445     
   13633308073158.566     
   13636729176619.303     
   13636730686787.223     
   13636753870890.408     
   13636753871003.953     
   18193278770761.152     
   18193280791803.637     
   18193316257633.387     
   18193318237232.227     
   18193318241495.863     
   18193318281355.387     
   18193318673628.188     
   18193318674548.820     
   18193324760760.172     
   18193324762150.340     
   18193334745474.027     
   18193334745524.016     
   19054371831180.969     
   19054380794612.742     
   19057751779451.637     
   19057766091042.137     
   19066007687473.496     
   19066027750522.133     
   19066437521679.078     
   19066437540558.492     
   19066438283656.688     
   19066438295989.633     
   19066777210227.402     
   19066797237115.203     
   19075080995130.297     
   19075095278295.652     
   19078469112006.465     
   19078478063264.465     
   19468701101846.020     
   19468702329514.320     
   19468706796955.535     
   19468707554657.676     
   19468717165506.410     
   19468717165976.855     
   21294238640987.656     
   21294254678761.332     
   21294262069571.086     
   21294265886246.074     
   21294315140427.715     
   21294331168817.625     
   21294335571213.145     
   21294339391900.410     
   21294345120906.152     
   21294348770579.285     
   21294364825092.055     
   21294368473229.410     
   21519739374800.828     
   21520521458457.363     
   21520522261372.070     
   21520524349264.379     
   21520524588085.703     
   21522124761624.512     
   21524889625060.895     
   21525259419650.316     
   21525259565167.328     
   21526974681517.023     
   21529418488317.137     
   21529735978187.934     
   21530512322932.840     
   21530941446831.461     
   21533325256158.359     
   21535001263046.980     
   21535001485268.953     
   21535363202152.070     
   21538172446253.402     
   21539913941647.965     
   21539914729790.914     
   21539917650187.043     
   21539917774322.586     
   21540615091492.340     
   22187746257310.160     
   22189867401003.121     
   22189907543693.742     
   22190569189696.258     
   22190570158205.703     
   22192028169333.941     
   22193285194104.676     
   22193574225199.730     
   22194830919545.613     
   22194831885386.469     
   22195404456942.855     
   22195697862492.762     
   22201435189610.199     
   22201772757227.008     
   22202333575736.051     
   22202334538324.941     
   22203552737821.039     
   22203894756273.527     
   22205152773068.207     
   22206603425699.605     
   22206604385665.758     
   22207259453540.848     
   22207273430016.141     
   22209379480905.805     
   24049593288951.422     
   24056072378696.438     
   24062526518967.207     
   24075453119602.723     
   24081869295912.434     
   24088316842980.512     
   25474140178711.609     
   25476525343248.887     
   25479451374291.766     
   25481396211062.691     
   25483844398973.070     
   25484239459448.496     
   25484239767690.500     
   25486411268792.430     
   25486411567353.652     
   25486415183578.051     
   25486415747795.520     
   25489153812159.340     
   25492063300506.059     
   25494837307092.379     
   25494837614854.688     
   25494841216053.078     
   25494841825792.242     
   25496923794820.586     
   25496924092764.102     
   25497309844383.785     
   25499760653454.488     
   25501820225524.496     
   25504640514552.551     
   25507064509339.703     
   26025013263069.109     
   26025013518065.012     
   26025014480255.402     
   26025015251071.332     
   26025020740856.289     
   26025021187915.824     
   26025025145164.676     
   26025026520088.035     
   26025036055997.633     
   26025038311583.152     
   26025039741334.875     
   26025040271216.086     
   26025043588777.246     
   26025044584432.230     
   26025046554279.477     
   26025047756783.152     
   26025053393049.773     
   26025053452311.223     
   26025062786026.199     
   26025062869734.730     
   26025068373156.023     
   26025068387110.590     
   26025072968513.262     
   26025072970288.430     
   26075974785820.117     
   26075974795659.852     
   26075975177118.324     
   26075975871861.074     
   26079066764706.852     
   26079067449050.992     
   26079091298216.777     
   26079091312360.109     
   26082173880199.117     
   26082173891475.379     
   26082174209904.117     
   26082174906132.473     
   26484571548895.457     
   26488323551150.660     
   26489335456735.871     
   26490080918906.371     
   26491346129415.512     
   26492665448866.898     
   26495355074534.414     
   26495380468687.367     
   26496309896172.582     
   26498756532650.969     
   26499621946683.742     
   26500006022960.371     
   26500025673555.660     
   26500034993874.625     
   26500049206193.320     
   26501441927540.625     
   26501768883845.820     
   26503066022481.762     
   26503106948232.906     
   26503465335364.875     
   26503489568631.621     
   26503874205810.949     
   26503890908336.344     
   26504020702170.656     
   26505281511178.906     
   26505463089957.238     
   26505481040501.391     
   26505569043952.520     
   26505954531526.258     
   26505977144549.316     
   26506228792706.133     
   26506241352887.590     
   26506780318833.953     
   26507371134254.660     
   26507521326564.324     
   26507735242434.938     
   26509313386693.273     
   26509334418045.281     
   26509837722412.012     
   26510582238180.676     
   26514005036600.051     
   26514024662750.812     
   26516305158727.496     
   26517982280656.980     
   26519253263411.832     
   26520072477812.121     
   26520375851246.180     
   26524630534610.543     
   26596505298395.488     
   26599622121981.258     
   26602355317587.199     
   26604556215521.473     
   26605917821129.137     
   26608660954627.520     
   26612342195314.215     
   26615060910765.676     
   26616079651465.531     
   26618162218824.328     
   26618708789523.133     
   26620410436893.211     
   26621400487016.797     
   26623149077925.977     
   26623493904169.660     
   26624061010289.930     
   26626147311103.797     
   26626803407942.633     
   26630247328750.469     
   26632972962265.508     
   26634917857459.875     
   26636552335350.445     
   26639285096341.789     
   26642404421365.457     
   26978622672949.797     
   26978622674454.367     
   26978622688841.438     
   26978622689847.953     
   26978623260501.141     
   26978623309749.215     
   26978623784120.703     
   26978623786642.766     
   26978623822500.941     
   26978623825598.531     
   26978624074335.363     
   26978624122406.812     
   26978627551657.863     
   26978627875983.863     
   26978635985107.043     
   26978636289252.113     
   26978645022714.320     
   26978647417733.684     
   26978653966479.512     
   26978656085373.637     
   26978661853074.211     
   26978662034227.117     
   26978666812400.750     
   26978667253172.277     
   27243046719702.664     
   27243046758182.664     
   27243052562874.188     
   27243052599420.824     
   27244105596746.965     
   27244106062421.094     
   27244299788436.281     
   27245335822771.625     
   27246749177943.613     
   27246952692279.969     
   27246953166047.844     
   27247782368694.918     
   27248168796289.125     
   27249018204701.270     
   27249018674646.516     
   27249194450709.777     
   27250636811974.312     
   27251659625789.039     
   27251844750251.711     
   27251845228127.730     
   27252872669815.684     
   27252872708293.715     
   27252878454412.363     
   27252878495085.840     
   27755735526208.875     
   27755736869524.812     
   27755740140357.172     
   27755740843559.121     
   27755741850016.941     
   27755744624539.172     
   27755745696503.707     
   27755747830855.559     
   28504124628824.461     
   28508492011465.543     
   28511038973476.949     
   28511041640423.355     
   28515761354203.516     
   28515761369100.723     
   28525208818726.555     
   28525208833531.168     
   28529933621121.941     
   28529936424840.914     
   28532470307432.707     
   28536830159664.926     
   29755690773488.816     
   29755690796864.531     
   29755695957221.207     
   29755695957861.121     
   29755701117517.141     
   29755701140886.219     
   29755701301726.707     
   29755701301731.363     
   29755704569737.496     
   29755704571280.512     
   29755705114672.828     
   29755705114672.996     
   29756721752952.973     
   29756723012870.027     
   29756742631590.289     
   29756742672444.410     
   29757684177072.141     
   29757687304354.117     
   29757752316006.059     
   29757753033502.840     
   29757767154646.496     
   29757767218397.094     
   29757782944995.137     
   29757783665179.137     
   29759775097264.195     
   29759778409748.879     
   29759852514032.078     
   29759853240061.141     
   29759858186046.172     
   29759858223264.535     
   29759883091581.203     
   29759883809766.723     
   29760903686327.875     
   29760904767448.242     
   29760924657235.121     
   29760924696769.039     
   30040971226828.137     
   30040997469773.312     
   30042021861098.656     
   30042048802292.152     
   30042083157348.195     
   30042095407576.227     
   30044091029954.113     
   30044118566158.434     
   30044154057670.277     
   30044166494641.098     
   30045101028098.523     
   30045128716616.609     
   30422354368839.801     
   30423852113853.473     
   30426307359142.082     
   30426835051008.383     
   30427797346201.602     
   30428783387342.664     
   30428864639213.426     
   30429293829934.738     
   30431830640636.621     
   30432810955790.789     
   30434202584845.844     
   30439704174354.910     
   30439706700294.133     
   30445079011820.066     
   30446602038658.242     
   30447575922660.516     
   30449954062918.359     
   30450438879346.738     
   30450544987391.336     
   30451496818966.094     
   30452427522445.578     
   30452895669655.102     
   30455442867421.125     
   30456906506680.898     
   30859810899449.902     
   30859810938755.488     
   30859812031894.277     
   30859812032551.227     
   30859813977505.258     
   30859814185166.059     
   30859817835008.762     
   30859818042686.949     
   30859818985066.375     
   30859818985506.496     
   30859819608568.129     
   30859819647891.184     
   31748775875250.043     
   31750192136705.562     
   31750192496220.055     
   31750219078909.316     
   31751397508513.758     
   31752369830520.520     
   31752565614685.012     
   31752860746481.961     
   31755026154959.480     
   31755187908623.977     
   31755416119157.340     
   31755416451454.371     
   31758103423181.570     
   31758103785366.781     
   31758339486636.473     
   31758600426057.270     
   31760748664847.277     
   31760956681065.098     
   31761182356097.707     
   31762127888566.652     
   31763325756180.098     
   31763326115239.410     
   31763345838262.680     
   31764745234433.004     
   32362181219722.617     
   32364792816258.672     
   32365951907890.973     
   32365952638167.988     
   32367738817868.824     
   32368556255989.949     
   32368556258429.457     
   32370350839243.621     
   32372040359632.949     
   32372040360087.879     
   32372372728618.203     
   32372373458633.168     
   32372929671064.832     
   32372930398649.051     
   32373221249798.422     
   32373221250229.973     
   32374966542948.352     
   32376700217376.449     
   32376700219637.750     
   32377576195703.297     
   32379331636231.344     
   32379332363593.871     
   32380498135523.703     
   32383108214319.012     
   32697904245545.332     
   32697904518932.516     
   32697907424643.457     
   32697907694706.039     
   32698373787721.754     
   32698374508592.887     
   32698465052481.195     
   32698925298054.496     
   32699554418522.414     
   32699629760762.914     
   32699630482250.566     
   32700019985427.730     
   32700189311798.359     
   32700543212412.324     
   32700543971210.410     
   32700646224178.617     
   32701247917803.488     
   32701710084190.199     
   32701796813593.160     
   32701797571986.684     
   32702250945556.648     
   32702251264560.281     
   32702253696447.332     
   32702254019098.871     
   33298783122168.105     
   33298787341289.352     
   33298787351104.070     
   33298788727943.246     
   33298795614101.414     
   33298795671899.719     
   34057795182867.496     
   34057795182987.684     
   34057795183046.047     
   34057795183167.551     
   34057795387228.094     
   34057795528723.004     
   34057799260115.492     
   34057799261295.258     
   34057799261407.594     
   34057799262607.812     
   34057800366286.840     
   34057801002983.996     
   34057801951427.285     
   34057802187010.359     
   34057802942683.371     
   34057803084206.605     
   34057803374860.723     
   34057803501789.004     
   34057804271563.500     
   34057804388200.355     
   34057806145357.559     
   34057806227436.219     
   34057810030859.668     
   34057810740544.172     
   34265006779972.125     
   34265007789174.793     
   34265007791017.211     
   34265011767748.254     
   34265015929922.445     
   34265018434672.043     
   35292419824216.797     
   35292421924545.133     
   35294452876751.328     
   35294454977251.430     
   35295296100183.750     
   35295298215293.523     
   35297334547633.859     
   35297336662908.945     
   35319287589450.453     
   35319287807243.320     
   35319289833284.117     
   35319290150793.391     
   35319293322236.430     
   35319293599514.289     
   35319294227885.219     
   35319294561360.641     
   35319295809181.961     
   35319296123443.594     
   35319297083125.758     
   35319297233975.148     
   35319297855523.156     
   35319297980587.320     
   35319299503091.148     
   35319299637890.641     
   35527189117013.797     
   35527192731000.031     
   35527196509789.578     
   35527196876478.508     
   35527201236567.836     
   35527204795719.156     
   35527204799184.938     
   35527204830077.688     
   35527204946120.180     
   35527205073073.961     
   35527209623136.164     
   35527209823422.766     
   35527209846821.141     
   35527209872217.898     
   35527210156052.328     
   35527210250065.383     
   35527210863263.305     
   35527210954590.203     
   35527212833337.430     
   35527213309528.633     
   35527216345082.078     
   35527216806484.609     
   35527226978299.562     
   35527234323838.188     
   36236984303604.281     
   36236988132894.828     
   36237003645942.156     
   36237004475069.195     
   36239539835469.000     
   36239543496395.953     
   36239580894213.430     
   36239580986398.992     
   36242135691409.062     
   36242139512440.195     
   36242154853350.094     
   36242155677328.055     
   36909820681831.969     
   36909821574416.000     
   36909825642625.961     
   36909837212557.727     
   36909844267657.219     
   36909844270913.227     
   36909844275210.375     
   36909844395711.477     
   36909848165489.289     
   36909848237946.875     
   36909853810862.727     
   36909854529826.555     
   37343191723031.203     
   37343638051353.578     
   37343638750246.750     
   37343639998501.375     
   37343640424826.703     
   37344616792427.172     
   37346262008560.227     
   37346481600707.102     
   37346482298620.266     
   37347467164217.070     
   37348880116361.242     
   37349111122109.742     
   37349536643055.930     
   37349744836315.812     
   37351169601150.750     
   37352155176601.820     
   37352155871950.945     
   37352387660938.531     
   37354019398428.117     
   37354987402703.891     
   37354988097095.305     
   37354989346281.094     
   37354989771072.898     
   37355432083198.836     
   37460053888770.492     
   37463375695682.523     
   37463773900544.094     
   37463779205155.211     
   37465869122915.875     
   37465869138850.898     
   37470021059993.672     
   37470021076022.383     
   37472113679242.094     
   37472118921943.453     
   37472531293581.234     
   37475881080074.938     
   37818951697185.859     
   37818954031933.133     
   37820847609025.672     
   37820849947907.023     
   37821634523984.680     
   37821636848474.477     
   37823538136892.727     
   37823540465477.898     
   38666859505019.008     
   38666859505019.141     
   38666859836083.312     
   38666859836083.352     
   38666860567817.484     
   38666860567830.109     
   38666862947695.109     
   38666863080344.930     
   38666863610411.570     
   38666863617140.375     
   38666868009606.578     
   38666868142287.812     
   38812149489359.320     
   38812432340076.688     
   38812552894354.078     
   38812712263297.555     
   38812788224966.492     
   38812898633026.492     
   38813064689535.727     
   38813066816587.508     
   38813121793620.625     
   38813356970226.797     
   38813360585362.383     
   38813650271756.055     
   38813806413633.547     
   38813950179392.312     
   38814155959420.086     
   38814220306609.000     
   38814222338538.812     
   38814405343901.227     
   38814727542470.820     
   38814748644691.930     
   38814752283207.312     
   38814815641473.203     
   38814970702545.789     
   38815161887156.289     
   38816462219284.211     
   38816647513743.602     
   38816794099360.016     
   38816870243934.242     
   38816873865305.742     
   38816897268901.961     
   38817213406888.781     
   38817373855043.578     
   38817375969163.836     
   38817466793302.828     
   38817683231988.523     
   38817795849148.227     
   38817981291129.234     
   38818259393961.570     
   38818263039456.789     
   38818502406040.156     
   38818572646018.023     
   38818574870457.500     
   38818702022289.367     
   38818842871117.844     
   38818908606012.016     
   38819074665472.062     
   38819196069741.570     
   38819477012772.852     
   39219296474508.633     
   39219309258365.953     
   39219313294580.945     
   39219313426664.625     
   39219313505560.719     
   39219314706983.625     
   39219315449720.391     
   39219318716576.227     
   39220886183576.711     
   39220886272020.883     
   39220887429796.133     
   39220887505977.836     
   39220889604689.125     
   39220889624745.508     
   39220891177675.648     
   39220891185059.164     
   39222469563043.805     
   39222482349505.242     
   39222486383116.188     
   39222486519673.586     
   39222486596077.891     
   39222487824835.898     
   39222488465360.398     
   39222491787123.688     
   41689914938962.633     
   41690292414173.156     
   41690293210934.227     
   41690295428627.867     
   41690296540007.781     
   41691143712946.805     
   41692536888689.625     
   41692778988347.359     
   41692779786203.953     
   41693647536398.656     
   41694911919645.891     
   41695040645956.617     
   41695441315167.141     
   41695698200527.047     
   41696926661453.344     
   41697809733398.859     
   41697810531218.383     
   41697944460756.727     
   41699430242786.453     
   41700308808121.281     
   41700309605497.906     
   41700311933524.422     
   41700313051337.172     
   41700694702596.883     
   42118925311684.461     
   42118925311943.703     
   42118925319203.703     
   42118925319579.148     
   42118926615890.508     
   42118926616025.938     
   42118926631606.500     
   42118926632870.828     
   42118928022513.500     
   42118928077702.969     
   42118929101849.172     
   42118929227463.695     
   42118929972253.383     
   42118929979674.758     
   42118935040723.430     
   42118935044509.977     
   42118935103533.898     
   42118935283106.438     
   42118937514691.180     
   42118937694780.969     
   42118968671006.078     
   42118970798683.641     
   42118986705061.781     
   42118989023737.156     
   42761490958796.133     
   42761490962599.117     
   42761509223363.047     
   42761514174820.031     
   42761521427426.148     
   42761523685071.250     
   42981052909380.625     
   42981054296125.625     
   42981775415302.812     
   42981777761399.508     
   42981779152037.656     
   42981782212672.375     
   42983223107664.281     
   42983225452148.828     
   42983226848201.242     
   42983229879416.695     
   42983942016210.453     
   42983943416043.820     
   43136779620777.312     
   43136779865224.922     
   43136782781913.391     
   43136784424326.312     
   43136786485798.016     
   43136788143824.352     
   43136788372576.734     
   43136788376153.930     
   43136788398626.539     
   43136789161000.148     
   43136790861929.195     
   43136793578138.086     
   43384684768913.812     
   43384686459582.836     
   43384686460589.727     
   43384690775166.109     
   43386535487305.273     
   43386540405399.828     
   43386551402602.734     
   43386552493788.016     
   43388410972357.586     
   43388412680721.773     
   43388412681716.336     
   43388416932521.094     
   43982660005034.000     
   43982660820395.000     
   43982661204186.695     
   43982661352752.555     
   43982661470093.602     
   43982661699670.219     
   43982661899072.172     
   43982662355261.656     
   43982664488103.773     
   43982664835533.891     
   43982665196680.508     
   43982666110251.992     
   43982666233835.789     
   43982667760287.102     
   43982667808395.438     
   43982668189520.117     
   43982668206727.703     
   43982668226018.070     
   43982670742098.445     
   43982672266443.180     
   43982676252386.961     
   43982678251166.195     
   43982679973006.859     
   43982681503950.117     
   44131167326148.672     
   44132194099840.594     
   44132231493663.250     
   44132232035288.273     
   44132935001324.094     
   44133860854757.031     
   44133955241967.773     
   44134051870822.125     
   44135614157023.047     
   44135792377606.359     
   44135792686319.984     
   44135816471540.492     
   44138149173099.727     
   44138149770026.555     
   44138160994790.758     
   44138273819209.930     
   44139939374829.523     
   44139939970558.289     
   44140061969508.172     
   44141046046566.531     
   44141711291954.977     
   44141711738523.352     
   44141721210534.695     
   44142821258917.930     
   44406246515925.055     
   44406247503480.016     
   44406250709336.328     
   44406251684161.312     
   44406922734417.828     
   44406923939730.086     
   44407042978465.125     
   44407670043162.148     
   44408559323779.531     
   44408664035741.516     
   44408665258780.688     
   44409195089002.047     
   44409432304093.625     
   44409930362376.578     
   44409931634818.070     
   44410060785527.094     
   44410922863421.805     
   44411559879601.516     
   44411672268668.664     
   44411673557246.469     
   44412275464809.219     
   44412276468156.430     
   44412279703819.867     
   44412280723129.508     
   45883119131678.859     
   45883119936282.750     
   45887921419278.742     
   45887921419671.102     
   45892720295240.703     
   45892721103603.023     
   45976933010749.219     
   45976934169173.328     
   45976936743531.047     
   45976936792337.031     
   45977610811797.625     
   45977611242474.539     
   45977625482805.477     
   45977625514608.930     
   45977630285918.141     
   45977630726869.484     
   45977666047361.203     
   45977668504435.438     
   45978970082264.586     
   45978970513307.086     
   45978978863914.164     
   45978978905251.094     
   45978989613341.812     
   45978990048708.492     
   45979019670654.625     
   45979021791432.594     
   45979639618765.469     
   45979641099657.219     
   45979643503616.578     
   45979643561494.281     
   46106639259783.789     
   46106639316772.781     
   46106640145866.336     
   46106640202827.234     
   46106642216069.422     
   46106642216071.078     
   46106643803606.320     
   46106643803607.328     
   46106650050691.938     
   46106650054656.031     
   46106650935235.203     
   46106650939815.320     
   46604186854503.688     
   46604186854646.992     
   46604196580049.250     
   46604199431520.250     
   46604199724978.227     
   46604201156906.234     
   47416703419508.477     
   47416704845144.789     
   47416705955028.477     
   47416705955300.148     
   47417686793645.594     
   47417686840933.844     
   47417693670696.359     
   47417694972011.500     
   47418671883111.898     
   47418673290507.047     
   47418674398904.016     
   47418674399179.438     
   48203364955853.180     
   48203365697993.273     
   48203373765221.664     
   48203374970164.930     
   48203384040950.172     
   48203384065530.688     
   48684720490951.922     
   48684722127291.062     
   48684724147429.781     
   48824274226247.898     
   48825204705558.133     
   48826780581725.492     
   48827086704766.305     
   48827664770088.445     
   48828311365248.633     
   48828318381317.219     
   48828623664338.281     
   48830164569008.016     
   48830771024602.500     
   48831652317798.672     
   48835072398885.477     
   48835072566156.383     
   48838431776287.438     
   48839368824341.633     
   48839981568646.250     
   48841501811114.672     
   48841816843984.914     
   48841828307052.195     
   48842437727216.172     
   48843039357829.195     
   48843353576408.758     
   48844896823410.727     
   48845811229372.609     
   49816374493966.242     
   49816375520216.562     
   49817664627160.836     
   49817666038786.820     
   49820785308730.648     
   49820787020947.750     
   49820983139646.914     
   49820983397755.250     
   49820987152569.203     
   49820987297811.547     
   49821084821420.062     
   49821086003873.305     
   49823651014292.828     
   49823651081194.062     
   49823652335418.453     
   49823652403661.266     
   49823960870726.680     
   49823961112743.461     
   49824020563045.492     
   49824278396789.516     
   49824279290561.117     
   49824319836594.797     
   49824734432841.969     
   49824783115435.312     
   49824783374586.461     
   49825038890663.055     
   49825150066739.312     
   49825382809810.055     
   49825383047312.664     
   49825451003076.445     
   49825577170061.617     
   49825577919264.141     
   49825844525121.773     
   49826150617681.695     
   49826207508577.055     
   49826207759824.086     
   49826503598893.477     
   49826503667815.398     
   49826504896825.758     
   49826504964395.078     
   50032695776881.039     
   50034419758455.203     
   50035875649065.016     
   50036836534686.125     
   50037768981686.945     
   50039223477423.586     
   50041125502770.516     
   50042164703518.164     
   50042579538923.469     
   50043542191107.148     
   50043840067674.641     
   50044598054520.664     
   50045315896376.078     
   50046030679069.898     
   50046296563368.023     
   50047265357513.312     
   50047675950147.688     
   50048719734009.781     
   50050617652247.297     
   50052071592630.867     
   50052988481669.000     
   50053983433214.875     
   50055435874908.125     
   50057113346647.922     
   50120589884726.578     
   50120589888616.430     
   50120591135495.797     
   50120591139437.883     
   50120591633789.750     
   50120591637854.055     
   50120593175221.625     
   50120593179276.086     
   50120593538109.930     
   50120593540803.562     
   50120594450504.148     
   50120594453160.422     
   50252183799401.828     
   50252183799607.359     
   50252196118354.359     
   50252196124128.383     
   50252205693183.586     
   50252205700942.203     
   50252224593673.469     
   50252224601439.000     
   50252233745648.898     
   50252234273469.969     
   50252234508396.516     
   50252235126649.906     
   50252238481835.359     
   50252238581403.922     
   50252242881331.938     
   50252242898982.289     
   50480275838637.367     
   50480275838677.766     
   50480297570446.805     
   50480297570683.875     
   50480307164246.508     
   50480307164513.047     
   50480323431915.031     
   50480323431984.727     
   51037046514174.609     
   51037048231940.148     
   51037648943697.648     
   51037650585484.188     
   51037652761219.469     
   51037654471395.344     
   51038868148900.781     
   51038869787935.828     
   51038871969298.641     
   51038873671041.992     
   51039479641211.383     
   51039481337950.156     
   51616765926661.266     
   51617076794131.867     
   51617076812733.555     
   51617080724135.625     
   51617080865458.336     
   51617790022161.391     
   51618958598103.383     
   51619118562354.992     
   51619118580919.344     
   51619852165049.820     
   51620881321899.484     
   51621020887949.844     
   51621328806477.250     
   51621506944655.812     
   51622531004605.812     
   51623223358452.125     
   51623223376771.359     
   51623390528706.844     
   51624593000631.039     
   51625288310726.203     
   51625288329324.391     
   51625292221206.203     
   51625292357267.656     
   51625622044585.789     
   51784714662529.336     
   51785603162600.617     
   51785720670991.883     
   51785805009241.883     
   51785805215800.875     
   51786609682955.156     
   51786998740187.891     
   51787144615652.734     
   51787803381650.461     
   51787803584478.773     
   51788005944477.766     
   51788149529194.227     
   51790321289201.172     
   51790461697067.125     
   51790657670472.984     
   51790657875123.641     
   51791327378189.773     
   51791465568064.789     
   51791855168760.938     
   51792651619600.656     
   51792651820636.828     
   51792751151688.523     
   51792859726956.523     
   51793756142518.219     
   51949051184743.461     
   51950706922159.836     
   51951431739019.047     
   51951449808786.484     
   51952487281801.680     
   51953056363950.609     
   51953057092204.453     
   51954145147279.742     
   51955232028693.219     
   51955232554601.844     
   51955396948757.508     
   51955416863876.781     
   51955745782808.672     
   51955765897500.750     
   51955968603701.047     
   51955969074249.820     
   51957021462006.648     
   51958129983343.914     
   51958130656713.734     
   51958616991210.133     
   51959763774278.594     
   51959786319283.758     
   51960490376529.703     
   51962081175663.266     
   52003577704806.836     
   52005977472606.828     
   52006260544325.906     
   52006260835151.125     
   52007828085978.688     
   52007830684128.812     
   52010822969678.070     
   52010826491550.281     
   52012264762815.289     
   52012264925838.789     
   52012571056451.828     
   52014973585082.062     
   53734925504619.734     
   53735645504502.531     
   53736701821298.102     
   53737530413599.492     
   53738022212899.703     
   53738239800461.539     
   53738777252006.172     
   53738777677372.781     
   53739749879866.586     
   53739981812794.148     
   53741111883667.617     
   53741112019408.508     
   53741524849087.078     
   53741866269129.117     
   53741955074237.539     
   53742143229627.211     
   53742168189936.805     
   53742362449763.133     
   53742385211521.688     
   53742611403640.648     
   53742866074540.016     
   53742866191517.023     
   53743244749856.469     
   53743245213106.836     
   53743762584722.852     
   53743762996977.844     
   53744149080848.875     
   53744149197286.430     
   53744407801635.031     
   53744653059992.500     
   53744657647500.906     
   53744874359060.047     
   53744875888126.219     
   53745060731260.328     
   53745152770433.445     
   53745525243331.000     
   53745903688773.570     
   53745903790909.742     
   53747030420406.867     
   53747302090425.547     
   53748233720280.469     
   53748234171778.656     
   53748779234007.172     
   53748995259523.734     
   53749491941550.477     
   53750323155182.695     
   53751369038741.344     
   53752098777349.320     
   53879608489110.430     
   53879608507657.375     
   53879609588445.633     
   53879609596907.914     
   53879619391295.047     
   53879619441306.273     
   53879622726310.820     
   53879622822333.898     
   53879623076555.219     
   53879623485538.523     
   53879624474645.352     
   53879624943502.969     
   53879625171833.836     
   53879625459987.109     
   53879626294187.078     
   53879626654537.422     
   53879627226998.203     
   53879627519852.906     
   53879629882694.234     
   53879630153839.375     
   53879633438429.117     
   53879633566556.336     
   53879635197060.805     
   53879635377931.883     
   54684608302391.352     
   54685734471753.023     
   54687060656814.836     
   54688008569406.781     
   54689150026303.188     
   54689331427486.070     
   54689331432150.680     
   54690311578353.133     
   54690311585017.875     
   54690311738492.961     
   54690311788384.750     
   54691602143846.500     
   54692958199626.344     
   54694238765068.211     
   54694238769736.258     
   54694238936905.633     
   54694238973011.656     
   54695243479341.719     
   54695243486043.242     
   54695425748460.266     
   54696567980654.922     
   54697486150572.477     
   54698838476652.625     
   54699953534775.883     
   55051384677579.195     
   55051384749221.164     
   55051385328835.398     
   55051385400038.352     
   55051390113955.211     
   55051390239479.164     
   55051391667483.391     
   55051391792253.227     
   55051393412081.391     
   55051393690493.406     
   55051395828616.273     
   55051396105392.742     
   55581170562836.859     
   55583407485563.797     
   55584712472070.820     
   55584712883845.312     
   55587130530568.688     
   55587130531579.672     
   55591977613285.164     
   55591977614296.875     
   55594406614411.750     
   55594407026712.656     
   55595709945615.141     
   55597950561167.844     
   56751854227842.961     
   56754592216539.070     
   56757317371011.891     
   56762798880571.398     
   56765531460842.078     
   56768274970270.188     
