           1   6.0425272841856288E-004
           2   5.8137772153811441E-004
           3   3.3314187134754513E-004
           4   7.7372740788444311E-004
           5   2.7530760400925757E-004
           6   8.5146935054997088E-004
           7   7.1474861522655088E-004
           8   6.2465990746907890E-004
           9   1.1474280149138133E-003
          10   1.5212166346370215E-003
          11   1.6298883110206939E-003
          12   1.2753430910921949E-003
          13   1.7391669236690363E-003
          14   1.4860686669485059E-003
          15   1.8344852206992415E-003
          16   1.7667201249762169E-003
          17   1.2559923727611666E-003
          18   7.2691132960812574E-004
          19   1.8923750805967612E-003
          20   1.1989995829863019E-003
          21   1.0475122710130872E-003
          22   9.9201815702258168E-004
          23   1.3480874254323144E-003
          24   1.0251829105088061E-003
          25   1.1289619977699363E-003
          26   1.0307764170254976E-003
          27   1.2104708808688364E-003
          28   1.1558979193722696E-003
          29   9.7986449802480910E-004
          30   8.7200918934490247E-004
          31   8.6770832219040133E-004
          32   1.0109896141948015E-003
          33   9.0882219158413039E-004
          34   1.0064790534647203E-003
          35   8.8413799827865452E-004
          36   1.0575979344431010E-003
          37   8.4023810702519468E-004
          38   1.0881176893824771E-003
          39   1.0853570840961733E-003
          40   1.1007270324659287E-003
          41   1.2944883415504668E-003
          42   1.5008331252770884E-003
          43   1.6502424064385290E-003
          44   1.4152384958035027E-003
          45   1.6269296443015958E-003
          46   1.4767870840598218E-003
          47   1.3607350954554709E-003
          48   1.6880758276826215E-003
          49   8.0025002162739472E-004
          50   4.8332192363757310E-004
          51   5.2430906915707789E-004
          52   1.3968894014927654E-003
          53   4.6097728371958754E-004
          54   6.8000003105145735E-004
          55   7.7362781749349980E-004
          56   5.4037024344264807E-004
          57   9.4847247018994157E-004
          58   9.2849342716799972E-004
          59   1.0452272480197568E-003
          60   7.6896033707961233E-004
          61   9.6208109818190298E-004
          62   1.0186265538992883E-003
          63   9.8290386101431175E-004
          64   9.6208107766307578E-004
          65   1.0859161798702722E-003
          66   1.1588357142306078E-003
          67   1.2037026210822577E-003
          68   1.1912502323733144E-003
          69   1.0673800473342929E-003
          70   1.0084146828756070E-003
          71   1.2850291825464281E-003
          72   1.3300375934537714E-003
          73   1.2332883304719412E-003
          74   1.6000000360093462E-003
          75   1.6006248779775836E-003
          76   1.4159449141823253E-003
          77   1.7419529532601088E-003
          78   1.5620499902041789E-003
          79   2.0993332274778388E-003
          80   2.0591260281995422E-003
          81   1.2343419980998230E-003
          82   6.3245566162047821E-004
          83   1.1884864324007583E-003
          84   1.8414396541832773E-003
          85   3.4409315409971732E-004
          86   4.1231066091827994E-004
          87   5.4772255750560586E-004
          88   6.7349832962055266E-004
          89   8.4314888589536265E-004
          90   7.8102502139674101E-004
          91   7.8746428490392270E-004
          92   5.0000000000136101E-004
          93   8.8459034803840006E-004
          94   9.8994956696047331E-004
          95   9.9884933798527150E-004
          96   7.0774289117055459E-004
          97   9.7451785912235154E-004
          98   1.0536129295614504E-003
          99   1.3324038426834185E-003
         100   1.0700286057794301E-003
         101   9.0906557767313418E-004
         102   3.7202178205398282E-004
         103   1.4861022845002927E-003
         104   1.7307223925307122E-003
         105   1.0728001534598816E-003
         106   1.2165525623713778E-003
         107   1.6181470884904393E-003
         108   9.7180244906116815E-004
         109   1.5231546741260120E-003
         110   7.8102507324711115E-004
         111   2.0105720578947441E-003
         112   1.6160445538442596E-003
         113   8.0622588468141118E-004
         114   1.4142185923630529E-004
         115   7.6478755219632519E-004
         116   1.0488088481694165E-003
         117   1.4142176572204485E-004
         118   1.0000038643604692E-004
         119   9.9999999997466414E-005
         120   1.0000000000276037E-004
         121   3.6055527482602655E-004
         122   2.8284292218376425E-004
         123   5.5533773507269687E-004
         124   6.7349832961740848E-004
         125   6.4031253018908608E-004
         126   5.0000016396865919E-004
         127   7.8873316146763767E-004
         128   4.7370877129079858E-004
         129   7.9482348578471633E-004
         130   1.2884487398511131E-003
         131   1.9397164741259045E-003
         132   1.2311971742208657E-003
         133   6.4195029067218724E-004
         134   8.1394112985897697E-004
         135   1.0777754868244991E-003
         136   2.1498837177865255E-003
         137   7.1589114964300661E-004
         138   6.4031250953317713E-004
         139   9.9804809503379580E-004
         140   1.0545615202529775E-003
         141   6.3245560303437057E-004
         142   1.0000054058795590E-004
         143   9.7882582720332364E-004
         144   5.8043087443452105E-004
         145   1.0000068248831139E-004
         146   1.4142166458232147E-004
         147   1.4177446878959672E-004
         148   2.8284271247681144E-004
         149   1.0000027140047691E-004
         150   8.0622579981664720E-004
         151   7.8415559680415452E-004
         152   1.0049875621128005E-003
         153   6.3245556920077893E-004
         154   1.2041594962815714E-003
         155   1.1730728877632072E-003
         156   1.8414396541821269E-003
         157   5.0000012912922859E-004
         158   8.0000007780168180E-004
         159   5.3150729063777098E-004
         160   1.3544002362649459E-003
         161   1.5105029181575183E-003
         162   1.7586643130680947E-003
         163   1.8582249594718411E-003
         164   1.8775148938680803E-003
         165   1.6347783248985190E-003
         166   1.9031815875709909E-003
         167   2.1438749963558551E-003
         168   1.9339596686566256E-003
         169   1.2257651320635625E-003
         170   1.4422205491145810E-003
         171   1.2083045973582535E-003
         172   2.0696859665168548E-003
         173   5.0000010259874559E-004
         174   4.2426423308401567E-004
         175   1.4142135623559818E-004
         176   1.0630145812761643E-003
         177   1.0000055780293994E-004
         178   7.2801107039101624E-004
         179   1.0081666528916722E-003
         180   5.8043087443908131E-004
         181   7.2111029968682642E-004
         182   1.4866068945852918E-003
         183   1.9576516544075532E-003
         184   1.6160445538409836E-003
         185   1.5811388488958288E-003
         186   1.8248287812259313E-003
         187   2.1558293067831121E-003
         188   2.1118712081932352E-003
         189   1.4560220209795234E-003
         190   1.7464249566155545E-003
         191   1.4565713164828515E-003
         192   1.6880758276776038E-003
         193   1.5457834706449590E-003
         194   1.1810588875063349E-003
         195   1.6487874332359628E-003
         196   1.3224071154623641E-003
         197   1.5065192160302141E-003
         198   1.3371986016056637E-003
         199   1.8559364213219880E-003
         200   1.3038404810393690E-003
         201   1.8607794334423850E-003
         202   1.8867962422390440E-003
         203   2.0518284528660015E-003
         204   1.6900000000006118E-003
         205   1.3601470896811331E-003
         206   1.2369317214710237E-003
         207   1.1180339887528791E-003
         208   2.0696859665196685E-003
         209   7.2111034560925591E-004
         210   7.2801104252810482E-004
         211   1.0890821823922178E-003
         212   1.0675204916067507E-003
         213   1.3152946702106860E-003
         214   1.1704700064470257E-003
         215   1.6181470885007450E-003
         216   1.0049875621107264E-003
         217   1.6031219707691843E-003
         218   1.2806248617093941E-003
         219   1.7065755183933921E-003
         220   1.4840822079660622E-003
         221   1.5264337780076457E-003
         222   1.3453624242554241E-003
         223   1.7415223225692267E-003
         224   1.4423591785677082E-003
         225   9.2199856043023904E-004
         226   3.9698871027422748E-004
         227   7.8740078740404881E-004
         228   6.9576221163293681E-004
         229   7.1589110388938990E-004
         230   7.1840103225147191E-004
         231   9.8290386101854642E-004
         232   3.4985711368761929E-004
         233   1.3327040347302075E-003
         234   1.5033296470294444E-003
         235   1.7656726763469685E-003
         236   1.2083045973592939E-003
         237   1.8110770376318906E-003
         238   1.6155494602072666E-003
         239   2.0586646157174354E-003
         240   1.8138632804029174E-003
         241   8.0622582294007040E-004
         242   5.0990200102246728E-004
         243   1.0777754868249903E-003
         244   2.1251823451172163E-003
         245   4.2426411692476456E-004
         246   1.0000000057506892E-003
         247   1.4817557153598573E-003
         248   1.6979104805601478E-003
         249   1.0198039070250017E-003
         250   1.0198039069286490E-003
         251   1.3409325113480611E-003
         252   1.2736168968771788E-003
         253   1.0440306619994865E-003
         254   8.0622578623445399E-004
         255   1.1034491379289552E-003
         256   1.1445523142298594E-003
         257   7.5484969531535622E-004
         258   7.3116345641698207E-004
         259   5.7886304195360963E-004
         260   1.0402591440479545E-003
         261   3.4550224627229089E-004
         262   1.0183319694479032E-003
         263   9.1451690769827449E-004
         264   9.4154128958842090E-004
         265   1.3227261041359115E-003
         266   1.8448848202541127E-003
         267   2.2885551842662662E-003
         268   1.6965258618721504E-003
         269   2.2087673685995900E-003
         270   1.9631097778786450E-003
         271   3.5477636979185591E-003
         272   2.4808264751906735E-003
         273   2.7871336600424805E-003
         274   1.2870508925441864E-003
         275   2.4242898652746606E-003
         276   1.6923652088119796E-003
         277   2.5048591739761168E-003
         278   1.3865424623846986E-003
         279   2.9604203848912622E-003
         280   1.9080880482835651E-003
         281   1.6686138302113608E-003
         282   1.2764795337159740E-003
         283   1.8958160719228818E-003
         284   1.5732132722542352E-003
         285   1.2334990485878476E-003
         286   1.0222524150095063E-003
         287   1.2948555591078823E-003
         288   1.2939088066732725E-003
         289   1.0380148870755327E-003
         290   1.2589281155019197E-003
         291   1.2450301201161755E-003
         292   1.2939763209446628E-003
         293   1.0839280418915771E-003
         294   1.5728000508637209E-003
         295   1.6263763402105836E-003
         296   1.8104695523545652E-003
         297   1.6160136138072586E-003
         298   2.0649455198607654E-003
         299   2.3469128658709622E-003
         300   2.4615036055223977E-003
         301   1.9440421806127771E-003
         302   1.7085081211415858E-003
         303   1.6437761404774448E-003
         304   2.5788757240308804E-003
         305   1.0163168797206205E-003
         306   2.2127358631358974E-003
         307   1.6473615268068212E-003
         308   3.0344851293101268E-003
         309   1.8894443627791760E-004
         310   3.0166206258296351E-004
         311   5.9262129560118198E-004
         312   9.7267671916059599E-004
         313   9.4831429389212127E-004
         314   7.9422918606242938E-004
         315   1.0001999800014758E-003
         316   2.0000000000207967E-004
         317   1.0647065323376558E-003
         318   9.9884933798807373E-004
         319   1.1034491379275640E-003
         320   7.2862884927974716E-004
         321   1.2494190952024669E-003
         322   1.6992939710365361E-003
         323   1.8664940396364508E-003
         324   1.5766853618961775E-003
         325   1.6772000476953919E-003
         326   2.2446603306481554E-003
         327   2.7453232960821970E-003
         328   3.0111127511261372E-003
         329   2.0615043051126327E-003
         330   2.1795412361362014E-003
         331   3.2853310335470226E-003
         332   3.8890230135595477E-003
         333   2.1097393203903464E-003
         334   4.1743143149526310E-003
         335   2.6681829022789519E-003
         336   3.2952086428608678E-003
         337   3.3523275496310915E-003
         338   2.4858801258294846E-003
         339   6.0680557017864355E-003
         340   7.5334520639605169E-003
         341   1.5220052562333673E-003
         342   5.9999999999847447E-004
         343   8.4053554356873950E-004
         344   2.9346379674470434E-003
         345   3.0951575081396076E-004
         346   2.2561028345846558E-004
         347   9.9999999978937568E-006
         348   7.0710678118734928E-004
         349   7.7491935064205814E-004
         350   8.6394444266034475E-004
         351   9.3834961502030074E-004
         352   2.5612496950206900E-004
         353   1.4328787904898169E-003
         354   2.5448968544910049E-003
         355   2.9860509037862065E-003
         356   1.9521029491735226E-003
         357   2.5425577672870446E-003
         358   3.6112324765922997E-003
         359   4.7257274572291641E-003
         360   5.1981342806821946E-003
         361   2.6058587835884350E-003
         362   2.0245740292698248E-003
         363   4.0274061131217341E-003
         364   6.5643659252041112E-003
         365   3.4132242821130784E-003
         366   3.4560671289803452E-003
         367   8.9946706443298496E-003
         368   6.6299019600593520E-003
         369   3.4366989975812955E-003
         370   9.1520489509608696E-004
         371   4.4103968075458189E-003
         372   6.0208305075008517E-003
         373   1.0675204916026843E-003
         374   1.0675204916046680E-003
         375   1.4142135623559818E-004
         376   2.4041630560388593E-003
         377   5.3851648071356949E-004
         378   1.4781407240193299E-003
         379   8.1123362849772171E-004
         380   2.8674204435331680E-003
         381   2.2561028345259934E-004
         382   2.0024984394529443E-004
         383   6.1611687203235734E-004
         384   9.5057877106882543E-004
         385   1.3384401115732970E-003
         386   2.8231188426978606E-003
         387   2.4770345173203887E-003
         388   1.7389615941451318E-003
         389   4.6782582228863685E-003
         390   4.4904454122063116E-003
         391   1.0282922736266771E-002
         392   5.8843011479721629E-003
         393   1.4384714109079559E-003
         394   1.1849472562073587E-003
         395   2.2459741761627953E-003
         396   8.8954201699513527E-003
         397   2.5251534606823144E-003
         398   9.9503768773196105E-004
         399   6.1607142443080454E-003
         400   2.6462048295624670E-003
         401   1.6155494421372680E-003
         402   1.6062378404181081E-003
         403   4.2426406871428127E-004
         404   8.4852813742481922E-004
         405   8.8181630740331017E-004
         406   3.4366989975820657E-003
         407   4.3625222062490723E-003
         408   6.0208305075008517E-003
         409   2.5079074943026589E-003
         410   3.3245300419766813E-003
         411   6.0834940618010071E-003
         412   7.4674560594598640E-003
         413   2.1405840324555474E-003
         414   1.0001999800031164E-003
         415   1.6440498775900532E-003
         416   3.0265491900866937E-003
         417   2.0684562118616122E-003
         418   2.3090474226365692E-003
         419   3.5872552181295909E-003
         420   2.5167058786320436E-003
         421   3.0496229275106565E-003
         422   2.6172886734163884E-003
         423   5.3484670701042739E-003
         424   3.4429783618236463E-003
         425   3.4578316905272042E-003
         426   3.2112925746487679E-003
         427   6.1548761157317845E-003
         428   4.1387075277186476E-003
         429   9.4952619763948400E-004
         430   9.8569772242820429E-004
         431   2.8284271247681144E-004
         432   6.0108235708588179E-003
         433   9.9503768773169521E-004
         434   2.5032778511362391E-003
         435   6.1623372189452911E-003
         436   2.6930280355008207E-003
         437   3.4560671289801926E-003
         438   3.4539976838448973E-003
         439   8.9946706443312322E-003
         440   6.6936985292145269E-003
         441   4.1743143149511087E-003
         442   2.1251117617665178E-003
         443   2.7581878108625781E-003
         444   3.3717057997377322E-003
         445   1.7049633427110146E-003
         446   1.9562464057477605E-003
         447   1.6363373735259238E-003
         448   2.6291633650261117E-003
         449   1.9554593553518969E-003
         450   1.3810503249351166E-003
         451   2.3145193885575825E-003
         452   1.7705705096220283E-003
         453   2.0194058532190247E-003
         454   1.6255460620959365E-003
         455   2.6708987251439385E-003
         456   1.5688530842612146E-003
         457   2.4071144551086345E-003
         458   2.4499183659908576E-003
         459   3.9597979746482208E-003
         460   2.3621176939390459E-003
         461   3.2112925746487679E-003
         462   3.4528973341283130E-003
         463   6.0813238690282777E-003
         464   4.1471556517638421E-003
         465   1.2385879056396518E-003
         466   1.4316424134541029E-003
         467   2.2459741761640330E-003
         468   8.8905792837109306E-003
         469   2.1116107595836979E-003
         470   2.6506791582559109E-003
         471   4.0938978980935414E-003
         472   6.5664602336392621E-003
         473   2.2271955459775648E-003
         474   2.1242645786235330E-003
         475   3.3167604676836711E-003
         476   3.8670919306372669E-003
         477   2.1169789795863442E-003
         478   1.6224980739632045E-003
         479   2.3787391618290505E-003
         480   2.4784067462850540E-003
         481   1.0640176353646745E-003
         482   4.1376321731139906E-004
         483   9.7672923576471869E-004
         484   9.8179303884601984E-004
         485   7.0569115057829478E-004
         486   7.4779676383491893E-004
         487   1.1243220179290002E-003
         488   2.2360679775023255E-004
         489   1.5520309275269273E-003
         490   1.9030501832552993E-003
         491   2.6727513913548458E-003
         492   1.5840770183288843E-003
         493   2.6161230857904231E-003
         494   2.9973488285491129E-003
         495   5.3535035257326249E-003
         496   3.4481879299159387E-003
         497   4.4452221541780171E-003
         498   4.6782582228860163E-003
         499   1.0267234291669631E-002
         500   5.8110584233843857E-003
         501   3.5955667147177781E-003
         502   2.5084058682749728E-003
         503   4.7265209192388523E-003
         504   5.1689554070449527E-003
         505   2.3142169301902768E-003
         506   1.7036725037400913E-003
         507   2.7636208133488059E-003
         508   3.0699185656947181E-003
         509   1.6953170794856193E-003
         510   1.0577806956038745E-003
         511   1.6378339354189894E-003
         512   1.7443910112093460E-003
         513   1.1697309402260044E-003
         514   1.1535597080334858E-003
         515   9.9882676918064081E-004
         516   1.4659336637251794E-003
         517   6.2610125479817572E-004
         518   1.5307841127994129E-003
         519   1.4776741982230588E-003
         520   1.4942556675476522E-003
         521   1.9720060169865941E-003
         522   2.5572641631229557E-003
         523   3.7784866912318753E-003
         524   2.5223005372083458E-003
         525   3.8379174917107686E-003
         526   1.8564751546943045E-003
         527   2.2357874975811082E-003
         528   1.9177069640589992E-003
         529   2.3493519714759140E-003
         530   1.8102209809867929E-003
         531   1.2611337601729543E-003
         532   1.2338962679254721E-003
         533   2.1945010710164191E-003
         534   2.4009373169646157E-003
         535   2.0611152795036408E-003
         536   2.1720036832366279E-003
         537   3.1601165362158921E-003
         538   1.6243460222514774E-003
         539   3.1506533799395939E-003
         540   2.6144980397765348E-003
         541   1.9104488297327024E-003
         542   1.2973048986286919E-003
         543   1.8667114211267076E-003
         544   1.5863164879696065E-003
         545   1.3494437351159435E-003
         546   1.9018412131412369E-003
         547   1.8501891795146179E-003
         548   1.6375512661156060E-003
         549   1.7483992679015879E-003
         550   2.8341841859707462E-003
         551   2.6130824709491907E-003
         552   3.1031596800671236E-003
         553   2.4620519897025307E-003
         554   3.4849677186431093E-003
         555   2.5681900241223943E-003
         556   4.0286598267923563E-003
         557   2.2797587591660601E-003
         558   2.5079872408002618E-003
         559   1.2469562943435346E-003
         560   3.5233648689867148E-003
         561   1.8285786830175190E-003
         562   3.9133233957871303E-003
         563   2.4949749497750130E-003
         564   3.4103372267264638E-003
         565   3.3000757567051256E-003
         566   1.0296115772459764E-003
         567   4.3150898020806305E-003
         568   7.5299136781268074E-003
         569   8.2443920333611406E-004
         570   2.4186773244857412E-004
         571   8.7686943155577924E-004
         572   1.5280379576366090E-003
         573   1.0160708636703134E-003
         574   9.6519428096701891E-004
         575   1.1384638773353176E-003
         576   3.9999999998192469E-005
         577   1.6452731084709107E-003
         578   3.1702365842312661E-003
         579   3.1804559421557514E-003
         580   2.6781571838442090E-003
         581   3.1662912058111493E-003
         582   5.3069765403677875E-003
         583   5.2473707702033077E-003
         584   5.3161640305781060E-003
         585   4.5224550854581647E-003
         586   6.5835324864390561E-003
         587   6.6249528300206754E-003
         588   9.2049117323327895E-003
         589   4.6572202009352668E-003
         590   5.4670741718064854E-003
         591   5.5120322930831489E-003
         592   9.8508882848176420E-003
         593   8.6143426911161735E-003
         594   1.4767816358556432E-002
         595   1.0951255635766620E-002
         596   2.3649524308112360E-002
         597   2.7300000000001945E-003
         598   2.1692394980697390E-003
         599   2.3442696090689797E-003
         600   5.9715994507327924E-003
         601   1.0624970588204966E-003
         602   1.0198039027197133E-003
         603   1.1819052415497223E-003
         604   2.7586228448205647E-003
         605   3.1827660925711859E-004
         606   8.8887569434901829E-004
         607   9.1847700025920803E-004
         608   1.5264337522458980E-003
         609   2.4419704288851239E-003
         610   2.2410934831014338E-003
         611   2.1124630174275873E-003
         612   2.2110142281569849E-003
         613   5.4506238175080924E-003
         614   1.0181807305189337E-002
         615   1.0035581697140909E-002
         616   1.7245579143676290E-003
         617   8.4459220929420827E-003
         618   1.0959470790144208E-002
         619   1.5317310468877646E-002
         620   1.9849221647205796E-002
         621   6.8562453281664467E-003
         622   1.9764212607640486E-002
         623   1.2675172582651774E-002
         624   1.8961540021841274E-002
         625   1.6176603475390842E-002
         626   7.7302069830020191E-003
         627   3.4552713352208712E-002
         628   3.5169446967500205E-002
         629   3.9710074288533525E-003
         630   3.9470115277238284E-003
         631   4.5254833995934203E-003
         632   1.4142135623728270E-003
         633   2.2261176967969983E-003
         634   2.7609599779767312E-003
         635   2.3958297101399880E-003
         636   5.9211485372343458E-003
         637   1.0688779163226237E-003
         638   3.3707714250550613E-003
         639   4.4226688774978663E-003
         640   7.5709972923022114E-003
         641   1.8533830019118393E-003
         642   2.3928434967633500E-003
         643   1.3061776295740651E-003
         644   1.2756772232324519E-003
         645   3.4583955817663143E-003
         646   1.1894166637474122E-002
         647   3.1036269105684466E-003
         648   2.6324893162181584E-003
         649   2.2468558031167589E-002
         650   1.7676676723863721E-002
         651   5.0269871692700377E-002
         652   2.4355124717397470E-002
         653   1.2304210661390797E-002
         654   8.2162582724724653E-003
         655   4.9521813375525379E-002
         656   3.7647177849073087E-002
         657   1.2767082673813657E-002
         658   1.2767082673814611E-002
         659   2.3122499864846529E-002
         660   1.0323759005322199E-002
         661   7.7302069829939379E-003
         662   1.6176603475390551E-002
         663   3.4552713352210586E-002
         664   3.5169446967498505E-002
         665   1.4693481547949605E-002
         666   8.6382868671968944E-003
         667   1.1013627921802971E-002
         668   2.3573502073300414E-002
         669   3.9335098830463842E-003
         670   1.8729922583885185E-003
         671   2.5709920264387859E-003
         672   3.4249087579083745E-003
         673   1.9479168313085158E-003
         674   3.9233786460139012E-003
         675   2.3178653972987687E-003
         676   2.0044857199760591E-003
         677   6.8635340750932625E-003
         678   5.6979382236041643E-003
         679   1.3551752654176682E-002
         680   6.9656011944424284E-003
         681   9.7006443084982734E-003
         682   7.3867178096894076E-003
         683   1.8503513179935507E-002
         684   9.7666575654094204E-003
         685   1.2382907574552328E-002
         686   1.2295787896675976E-002
         687   2.6516598575232198E-002
         688   1.3293607486305321E-002
         689   8.2399575241602525E-003
         690   1.2354901861202439E-002
         691   4.9521813375525733E-002
         692   3.7606116523778668E-002
         693   1.9767754045412780E-002
         694   6.9150632679686108E-003
         695   1.2766753698571507E-002
         696   1.9016308790091623E-002
         697   5.5658692043512410E-003
         698   4.6902132147724823E-003
         699   5.5982140009081119E-003
         700   9.9100958623015174E-003
         701   2.5961702563591918E-003
         702   2.2927930565150275E-003
         703   1.3601470508694429E-003
         704   3.5679125549813672E-003
         705   2.6509414627075866E-003
         706   2.0385779357179690E-003
         707   3.8118761784697560E-003
         708   2.5557122973886427E-003
         709   3.3439049029514840E-003
         710   2.1749022966608940E-003
         711   5.0841813500276268E-003
         712   2.6557296549205157E-003
         713   4.1051796550200768E-003
         714   4.1412679217819404E-003
         715   6.6468037431535966E-003
         716   3.0621724314590488E-003
         717   7.3867178096917712E-003
         718   9.6156123050003227E-003
         719   1.8394564414524493E-002
         720   9.6685055722177411E-003
         721   1.7629376052487218E-002
         722   2.2468558031168467E-002
         723   5.0202489978088696E-002
         724   2.4348100541931643E-002
         725   1.0960383204981272E-002
         726   8.4305159984451542E-003
         727   1.5327100182358319E-002
         728   1.9805554776371782E-002
         729   6.5835324864411057E-003
         730   4.5249198887931585E-003
         731   6.6947740813253515E-003
         732   9.1940197955034109E-003
         733   3.5528720776252585E-003
         734   2.5166644591657493E-003
         735   2.6019223662531654E-003
         736   4.0632499307859974E-003
         737   1.5744118313733462E-003
         738   6.8102863375961507E-004
         739   1.5516442891321638E-003
         740   1.5156202531756283E-003
         741   9.2032602918521909E-004
         742   9.1989129792956843E-004
         743   1.2657408897569194E-003
         744   1.0049875620847831E-004
         745   2.1495580941213724E-003
         746   3.2587727751408279E-003
         747   5.0734603575862125E-003
         748   2.6419689627261741E-003
         749   5.6935401992078095E-003
         750   6.7538211406575717E-003
         751   1.3479614237805908E-002
         752   6.9361372535498541E-003
         753   1.1865479341350668E-002
         754   3.4312679872027965E-003
         755   3.0430248109436031E-003
         756   2.6324893162224311E-003
         757   1.0151039355653719E-002
         758   5.3872163498393478E-003
         759   1.0016985574512773E-002
         760   1.7146428199531021E-003
         761   5.3299530954797310E-003
         762   3.2423602514282772E-003
         763   5.2668776329057952E-003
         764   5.3225933528718555E-003
         765   2.8482450737293582E-003
         766   1.6971741218899201E-003
         767   2.6248809496850199E-003
         768   3.0757112998494270E-003
         769   1.7029966520185505E-003
         770   1.6944025495725862E-003
         771   1.3991323342432598E-003
         772   1.7912009321311103E-003
         773   1.0348283757736232E-003
         774   2.3820159529264742E-003
         775   2.5908730901067940E-003
         776   2.3161390286421711E-003
         777   3.3615542366227697E-003
         778   2.0140506448446845E-003
         779   2.4618785217453902E-003
         780   2.1914378841298345E-003
         781   2.2491341484551322E-003
         782   7.4672618810412740E-004
         783   3.3042181391122039E-004
         784   7.7999999999916396E-004
         785   3.4524490395270081E-004
         786   1.1694443124860899E-003
         787   1.4353613063503847E-003
         788   4.6303347611215123E-004
         789   9.3227938368289551E-004
         790   2.5172206895697695E-003
         791   1.0625984139979779E-003
         792   1.1525623627352995E-003
         793   2.0611335780946496E-003
         794   2.6569907790564011E-003
         795   2.2227780677292709E-003
         796   2.8288513569996502E-003
         797   3.0242988481213248E-003
         798   1.5925137362064932E-003
         799   2.6919214283795093E-003
         800   2.3485314560366486E-003
         801   1.6456019930041407E-003
         802   3.0415949763240358E-003
         803   2.6966646065098624E-003
         804   2.3978519008333054E-003
         805   2.7710286898551886E-003
         806   4.6446205442426721E-003
         807   3.7490532138115982E-003
         808   4.7355464309854264E-003
         809   3.0566812067999091E-003
         810   4.1512046444376642E-003
         811   1.6770509831239028E-003
         812   5.8703492230016063E-003
         813   1.1841030360599844E-003
         814   8.0255840908972128E-004
         815   4.0199502484800423E-004
         816   1.0488088481688171E-003
         817   1.0356157588627872E-003
         818   4.1157745322113193E-003
         819   1.6093787621314702E-003
         820   7.4999999999785058E-004
         821   3.5938280426342202E-003
         822   9.5084173236137208E-003
         823   4.4238444818943982E-003
         824   6.5264768443627722E-003
         825   4.8682645778582940E-003
         826   1.5516442891323726E-003
         827   4.7983434641546150E-003
         828   1.0383279828643288E-002
         829   6.0835844696776015E-004
         830   6.5337584895934118E-004
         831   2.6248809496868858E-004
         832   1.4213022197962087E-003
         833   2.7149127396135240E-003
         834   2.1266170318140318E-003
         835   2.2759833039808432E-003
         836   2.8640529327537590E-003
         837   5.1692552655101618E-003
         838   9.5166643315836488E-003
         839   8.6797753427140089E-003
         840   1.3049521064017618E-003
         841   7.9833389004881003E-003
         842   1.4756693396561407E-002
         843   9.2249661245972000E-003
         844   1.6927566275162703E-002
         845   7.0224568350364227E-003
         846   1.3361511890498634E-002
         847   3.4187863343647313E-003
         848   1.7578680269007333E-002
         849   7.7370278531209641E-003
         850   3.3337966344698586E-002
         851   7.1015772895908300E-003
         852   1.7927911200140915E-002
         853   1.9041911668736977E-002
         854   5.4653453687767053E-003
         855   2.2994653726462578E-002
         856   5.0726324526817385E-002
         857   2.9887120972028167E-003
         858   2.9966648127511572E-003
         859   3.3729660537907208E-003
         860   6.0108235708578699E-003
         861   1.5877342346891892E-003
         862   4.9406477308096197E-003
         863   4.8953957960463064E-003
         864   1.0486658190291483E-002
         865   2.6024649604372853E-003
         866   9.9302567942858157E-004
         867   1.0752209075349200E-003
         868   1.2383043633046947E-003
         869   8.8634079224634947E-004
         870   1.7445916427633620E-003
         871   2.5643907658561582E-003
         872   2.8089143810369021E-003
         873   1.9336690513115210E-002
         874   4.0135395849543704E-002
         875   3.6289116825845048E-002
         876   1.2367170250303188E-002
         877   2.3910457962990340E-002
         878   3.9491391466998635E-002
         879   4.1423302620627885E-002
         880   7.0678002235494267E-002
         881   6.6772075001452463E-002
         882   9.0172889495683098E-002
         883   9.7716835806321012E-002
         884  0.26668320157070180     
         885   1.1233877335984695E-002
         886   1.1139569111953128E-002
         887   1.1808894952535020E-002
         888   1.2303657992646776E-002
         889   5.4653453687750105E-003
         890   1.9088216260296036E-002
         891   2.2987170334772725E-002
         892   5.0802854250527239E-002
         893   9.5822753039126757E-003
         894   3.6414282912108995E-003
         895   4.4395945760860797E-003
         896   6.6377707101075547E-003
         897   1.2151524076755081E-003
         898   3.8223029707169310E-004
         899   1.3595587519490005E-003
         900   4.5828885687149981E-004
         901   1.0965400129510866E-003
         902   1.1160645142649975E-003
         903   6.4429884370512695E-003
         904   1.7972200755614870E-003
         905   5.2682919433158382E-003
         906   5.2419175880587539E-002
         907   3.4150256221587481E-002
         908   6.7293684696251828E-003
         909  0.12792579880540003     
         910   7.5987762172600545E-002
         911  0.30078021876446603     
         912  0.10529981006630545     
         913   6.4313995366483301E-002
         914   6.4297278324980708E-002
         915  0.29613631996092310     
         916  0.16348308781033175     
         917   9.0184810250952652E-002
         918   6.6699775112062459E-002
         919   9.7808179617043967E-002
         920  0.26668320157070430     
         921   3.3337966344694568E-002
         922   7.7704568720228422E-003
         923   7.1728655361719554E-003
         924   1.8016103907344132E-002
         925   4.1109609582189186E-003
         926   1.0816653826406679E-003
         927   1.6278820596090523E-003
         928   7.8740078739871226E-004
         929   7.9777826854470185E-004
         930   2.2940139493911283E-003
         931   3.6891733491396344E-004
         932   8.2656853899999965E-004
         933   2.4353439182191483E-003
         934   1.3400093283256788E-002
         935   1.7461099621754448E-003
         936   3.0739063095691567E-003
         937   2.8268401086726389E-002
         938   1.5448624534241440E-002
         939   5.9700418759003136E-002
         940   2.6539216265744479E-002
         941   3.1796226191166038E-002
         942   3.1698264936742993E-002
         943   4.9497474683060171E-002
         944   1.4778700890134179E-002
         945   7.5987762172601045E-002
         946  0.12785108525155417     
         947  0.30072223063817399     
         948  0.10524001140250787     
         949   3.9491391467000626E-002
         950   2.3891002490476439E-002
         951   4.1426320135878089E-002
         952   7.0621455663277669E-002
         953   1.3441726079639251E-002
         954   7.0356236397313464E-003
         955   3.3481338085620187E-003
         956   1.7613914953809439E-002
         957   8.1240384045897830E-004
         958   1.2649110640646009E-003
         959   3.9999999999780657E-004
         960   9.8994949366469566E-004
         961   2.0645295470507023E-003
         962   3.4377899877661628E-003
         963   2.5490390346172439E-003
         964   2.2365238203902087E-003
         965   6.5374612809598219E-003
         966   3.4484199280238226E-003
         967   1.2008284640197283E-002
         968   5.4974994315594447E-003
         969   7.1561162651285030E-003
         970   7.0434366611759657E-003
         971   7.4249579123367446E-003
         972   4.0800612740494588E-003
         973   1.5435349040434736E-002
         974   2.8304593266812259E-002
         975   5.9645200980464289E-002
         976   2.6401704490430892E-002
         977   5.2419175880585478E-002
         978   5.2735187493717813E-003
         979   3.4150256221587724E-002
         980   6.7096944788887052E-003
         981   4.0176361209047225E-002
         982   1.9307252523335688E-002
         983   3.6289116825846623E-002
         984   1.2433020550133032E-002
         985   1.4713599151812241E-002
         986   8.0062475604974394E-003
         987   9.1831367190064843E-003
         988   1.6955824957814707E-002
         989   4.1821047332660510E-003
         990   3.0724582991457582E-003
         991   1.6970562748446472E-003
         992   5.8898217290511415E-003
         993   2.4390592473103457E-003
         994   1.0746627377928660E-003
         995   2.6755186413109427E-003
         996   2.3479248042969042E-003
         997   1.5192432326667871E-003
         998   1.5047923444764422E-003
         999   1.9173158320969772E-003
        1000   1.2806248474979434E-004
        1001   3.4226305672682331E-003
        1002   6.4791974811673220E-003
        1003   1.1916794871103930E-002
        1004   5.4415898412123343E-003
        1005   1.3304886320449107E-002
        1006   2.4103941586339460E-003
        1007   1.7233687939653595E-003
        1008   3.1000000000000146E-003
        1009   1.1045361017175822E-003
        1010   1.1445523142307266E-003
        1011   6.4505813691441679E-003
        1012   1.7972200755594987E-003
        1013   1.7804493814753825E-003
        1014   8.3066238628701347E-004
        1015   2.5729360660546844E-003
        1016   2.7820855486505335E-003
        1017   9.4625577937500656E-003
        1018   5.1565492337465211E-003
        1019   8.5988371306809329E-003
        1020   1.3341664064109718E-003
        1021   4.6400431032481426E-003
        1022   2.7495454169766216E-003
        1023   3.7603191353863378E-003
        1024   4.7106262853230255E-003
        1025   2.3854772570796857E-003
        1026   2.3834638658883148E-003
        1027   1.3991337182889393E-003
        1028   1.7912009350176533E-003
        1029   1.6502181416064288E-003
        1030   2.3234887561591686E-003
        1031   2.5908730918323053E-003
        1032   2.3161390286422852E-003
        1033   2.6751454186408796E-003
        1034   1.3251792331608920E-003
        1035   2.4618963412745653E-003
        1036   2.1914378841299551E-003
        1037   1.1576969894945201E-003
        1038   6.2361847310756998E-004
        1039   3.3042420273436625E-004
        1040   7.7999999999916396E-004
        1041   1.4318319875340213E-003
        1042   1.9723082923506812E-004
        1043   1.4353613054435127E-003
        1044   4.6303347611215123E-004
        1045   1.4766491923719812E-003
        1046   1.9173158320915291E-003
        1047   1.0625991562336064E-003
        1048   1.1525623627380553E-003
        1049   1.5843090210195267E-003
        1050   2.8100000000009016E-003
        1051   2.2227978048326240E-003
        1052   2.8288513569990886E-003
        1053   2.3347256505313833E-003
        1054   1.7315888657530806E-003
        1055   2.6919297311851394E-003
        1056   2.3485314560370992E-003
        1057   1.7824238471172758E-003
        1058   2.3732045845225804E-003
        1059   2.6966646065098624E-003
        1060   2.3978243091521277E-003
        1061   4.2331312287698045E-003
        1062   8.0774562827635871E-003
        1063   3.7490532138115982E-003
        1064   4.7355464309852581E-003
        1065   2.5573814733050241E-003
        1066   1.7987773625445542E-003
        1067   1.6770509831232716E-003
        1068   5.8703492230016063E-003
        1069   1.8027756377028378E-004
        1070   2.2489108475010830E-003
        1071   4.0199502484800423E-004
        1072   1.0488088481690693E-003
        1073   6.1000000000019047E-004
        1074   2.1114213222382609E-003
        1075   1.6093787621304834E-003
        1076   7.4999999999714477E-004
        1077   2.4622144504513480E-003
        1078   7.8251134177106298E-003
        1079   4.4238444818943982E-003
        1080   6.5264768443639067E-003
        1081   4.8615738192478823E-003
        1082   9.8754291045994053E-003
        1083   4.7983434641541735E-003
        1084   1.0383279828643288E-002
        1085   3.7770888260673600E-003
        1086   3.8262775644266555E-003
        1087   2.6248809496868858E-004
        1088   1.4213022197962087E-003
        1089   2.8879743808593425E-003
        1090   1.6205246064165599E-003
        1091   2.2759833039806107E-003
        1092   2.8640451654513830E-003
        1093   2.4947945807201250E-003
        1094   1.0536128321175634E-003
        1095   8.6797753427140089E-003
        1096   1.3049521064017618E-003
        1097   1.6415252054111696E-002
        1098   3.5592836357904105E-002
        1099   9.2249661245986346E-003
        1100   1.6927566275163314E-002
        1101   4.4076751241440507E-003
        1102   2.7803776721876731E-002
        1103   3.4187863343614795E-003
        1104   1.7578680269004984E-002
        1105   6.0275699912969109E-003
        1106   1.7202906731128977E-002
        1107   7.1015772895906444E-003
        1108   1.7927911200138438E-002
        1109   1.0285275883513368E-002
        1110   6.7291381320348689E-002
        1111   2.2994653726464167E-002
        1112   5.0726324526816156E-002
        1113   2.5519725703853718E-002
        1114   2.5608787554269340E-002
        1115   3.3729660537907208E-003
        1116   6.0108235708578699E-003
        1117   9.9055994265888746E-003
        1118   4.8836461788345558E-003
        1119   4.8953957960458736E-003
        1120   1.0486658190291483E-002
        1121   1.9511409629012929E-003
        1122   1.4065560778018839E-003
        1123   1.0752209075349200E-003
        1124   1.2382963569412596E-003
        1125   1.8363278574361781E-003
        1126   7.2672209268755733E-003
        1127   2.5643907658564678E-003
        1128   2.8089143810382214E-003
        1129   8.1181524991828912E-003
        1130   3.6440087815484572E-002
        1131   3.6289116825845048E-002
        1132   1.2367170250303188E-002
        1133   9.3673475434615183E-002
        1134  0.21334554131736305     
        1135   4.1423302620627885E-002
        1136   7.0678002235492740E-002
        1137   4.8420243700330712E-002
        1138  0.42210260600948407     
        1139   9.7716835806321012E-002
        1140  0.26668320157070008     
        1141  0.18595496766690456     
        1142  0.18603058888258359     
        1143   1.1808894952535020E-002
        1144   1.2303657992646776E-002
        1145   6.7291381320343971E-002
        1146   1.0340696301505465E-002
        1147   2.2987170334774314E-002
        1148   5.0802854250526004E-002
        1149   7.9025312400553046E-003
        1150   2.5495097567980376E-003
        1151   4.4395945760860797E-003
        1152   6.6377707101086718E-003
        1153   1.4148791671939254E-004
        1154   1.4065560778018839E-003
        1155   1.3595587519478324E-003
        1156   4.5828885556040610E-004
        1157   4.2511763078008462E-003
        1158   4.8738178053766013E-003
        1159   6.4429884370512695E-003
        1160   1.7972200755614870E-003
        1161   1.7362591972397683E-002
        1162   2.1745114393814900E-002
        1163   3.4150256221587481E-002
        1164   6.7293684696251828E-003
        1165   3.8199607327823078E-002
        1166  0.36381430703038581     
        1167  0.30078021876446603     
        1168  0.10529981006630545     
        1169   1.1445523142307266E-003
        1170  0.94070227489891778     
        1171  0.29613631996092310     
        1172  0.16348308781033175     
        1173  0.42218943615395998     
        1174   4.8520201978141955E-002
        1175   9.7808179617043967E-002
        1176  0.26668320157070258     
        1177   1.7266151858475135E-002
        1178   5.9682493245492270E-003
        1179   7.1728655361717707E-003
        1180   1.8016103907341662E-002
        1181   2.2203603311203271E-003
        1182   7.0710678118697501E-004
        1183   1.6278820596080769E-003
        1184   7.8740078739803995E-004
        1185   5.0993614654217055E-004
        1186   1.2272326592775381E-003
        1187   3.6891733491396344E-004
        1188   8.2655754299999968E-004
        1189   3.1320919526498420E-004
        1190   5.5052338733244301E-003
        1191   1.7461099621742322E-003
        1192   3.0739063095686398E-003
        1193   2.1577998053520877E-003
        1194   6.2159552765442320E-002
        1195   5.9700418759003136E-002
        1196   2.6539216265744479E-002
        1197  0.17103362242553369     
        1198  0.17094914448454987     
        1199   4.9497474683060171E-002
        1200   1.4778700890134179E-002
        1201  0.36376104794218939     
        1202   3.8156781834948708E-002
        1203  0.30072223063817399     
        1204  0.10524001140250787     
        1205  0.21329793716770704     
        1206   9.3597061919700228E-002
        1207   4.1426320135878089E-002
        1208   7.0621455663276142E-002
        1209   2.7803776721877855E-002
        1210   4.3046486500087824E-003
        1211   3.3481338085586984E-003
        1212   1.7613914953807094E-002
        1213   2.2022715545518528E-003
        1214   1.4142135623559818E-004
        1215   3.9999999999780657E-004
        1216   9.8994949366496281E-004
        1217   1.3916125723869386E-003
        1218   2.7440116617835205E-003
        1219   2.5490390346174516E-003
        1220   2.2365238193953370E-003
        1221   4.2524816284132570E-003
        1222   9.6856388534774154E-003
        1223   1.2008284640197283E-002
        1224   5.4974994315594447E-003
        1225   2.4449337414332865E-002
        1226   2.4442994906512170E-002
        1227   7.4249579123367446E-003
        1228   4.0800612740494588E-003
        1229   6.2018142506847673E-002
        1230   2.0248456731342163E-003
        1231   5.9645200980464289E-002
        1232   2.6401704490430892E-002
        1233   2.1745114393813408E-002
        1234   1.7402586014721080E-002
        1235   3.4150256221587724E-002
        1236   6.7096944788887052E-003
        1237   3.6440087815484391E-002
        1238   8.1596568555269023E-003
        1239   3.6289116825846623E-002
        1240   1.2433020550133032E-002
        1241   3.5598455022656302E-002
        1242   1.6420109622045688E-002
        1243   9.1831367190079276E-003
        1244   1.6955824957815318E-002
        1245   1.8439088914606683E-003
        1246   2.5632011235972364E-003
        1247   1.6970562748440231E-003
        1248   5.8898217290511415E-003
        1249   2.3644858521860946E-003
        1250   1.7240939649553208E-003
        1251   2.6755186413109427E-003
        1252   2.3479060241182108E-003
        1253   3.8363524342801712E-003
        1254   3.8094750294532672E-003
        1255   1.9173158320969772E-003
        1256   1.2806248474979434E-004
        1257   9.6934256070806430E-003
        1258   4.1617304093416818E-003
        1259   1.1916794871103930E-002
        1260   5.4415898412123343E-003
        1261   5.4708317466339983E-003
        1262   3.9999999999515960E-004
        1263   1.7233687939641306E-003
        1264   3.0999999999995020E-003
        1265   4.8836461788307342E-003
        1266   4.3011626335183132E-003
        1267   6.4505813691441679E-003
        1268   1.7972200755594987E-003
        1269   7.2993150363604839E-003
        1270   1.9209372712299660E-003
        1271   2.5729360660549927E-003
        1272   2.7820855486518658E-003
        1273   1.0440306508914783E-003
        1274   2.4738633753721177E-003
        1275   8.5988371306809329E-003
        1276   1.3341664064109718E-003
        1277   8.0721744282459020E-003
        1278   4.1773197148438565E-003
        1279   3.7603191353863378E-003
        1280   4.7106262853228572E-003
        1281   1.7029947467225835E-003
        1282   1.6944025495728987E-003
        1283   9.9882745512368297E-004
        1284   1.4659264231922508E-003
        1285   1.0348482553256026E-003
        1286   2.3820159529268077E-003
        1287   1.4720805144309672E-003
        1288   1.4942556675469436E-003
        1289   3.3615542406818691E-003
        1290   2.0140506448446845E-003
        1291   3.7784789217237369E-003
        1292   2.5223005372083458E-003
        1293   2.2491341537889992E-003
        1294   7.4672618810412740E-004
        1295   2.2358053900533984E-003
        1296   1.9177069640586540E-003
        1297   3.4525709781308024E-004
        1298   1.1694443124840527E-003
        1299   1.2249226771612930E-003
        1300   1.2338962679259013E-003
        1301   9.3228389837977422E-004
        1302   2.5172206895710315E-003
        1303   2.0611346879226789E-003
        1304   2.1720036832373591E-003
        1305   2.0611432842483875E-003
        1306   2.6569907790557038E-003
        1307   3.1506533818041649E-003
        1308   2.6144980397785596E-003
        1309   3.0242988535351756E-003
        1310   1.5925137362061607E-003
        1311   1.8667114243897578E-003
        1312   1.5863164879696902E-003
        1313   1.6456019995858353E-003
        1314   3.0415949763241230E-003
        1315   1.8501891795140457E-003
        1316   1.6375602673731110E-003
        1317   2.7710286898548066E-003
        1318   4.6446205442419878E-003
        1319   2.6130824709491907E-003
        1320   3.1031596800671236E-003
        1321   3.0566812068009482E-003
        1322   4.2193008899581450E-003
        1323   2.5681900241217759E-003
        1324   4.0286598267930459E-003
        1325   1.1841030360599844E-003
        1326   8.0255840909038091E-004
        1327   1.2469562943426854E-003
        1328   3.5233648689857750E-003
        1329   1.0356157588617650E-003
        1330   4.1157745322093903E-003
        1331   2.4361650190405327E-003
        1332   3.4103372267281712E-003
        1333   3.5938280426317162E-003
        1334   9.5561498523188803E-003
        1335   4.3150898020806305E-003
        1336   7.5299136781268074E-003
        1337   4.8682645778603600E-003
        1338   1.5516442891318606E-003
        1339   8.7686943155457176E-004
        1340   1.5280379576373018E-003
        1341   6.0835844696776015E-004
        1342   6.5337584895934118E-004
        1343   1.1384638773353176E-003
        1344   3.9999999998192469E-005
        1345   2.7148860891396957E-003
        1346   2.1266170318140318E-003
        1347   3.1804559421558763E-003
        1348   2.6781393927129572E-003
        1349   5.1692552655101618E-003
        1350   9.5166643315818689E-003
        1351   5.2473707702038880E-003
        1352   5.3161640305776584E-003
        1353   7.9833389004892608E-003
        1354   1.4756693396561407E-002
        1355   6.6249528300187967E-003
        1356   9.2049117323311502E-003
        1357   7.0224568350386101E-003
        1358   1.3361511890497051E-002
        1359   5.5120322930855498E-003
        1360   9.8508882848165960E-003
        1361   7.7370278531224005E-003
        1362   3.3337966344700286E-002
        1363   1.0951255635771755E-002
        1364   2.3649524308113130E-002
        1365   1.9041911668738504E-002
        1366   5.4653453687762690E-003
        1367   2.3442696090684714E-003
        1368   5.9715994507335245E-003
        1369   2.9887120972032603E-003
        1370   2.9966648127515982E-003
        1371   1.1819052415497223E-003
        1372   2.7586228448205647E-003
        1373   1.5877342346886890E-003
        1374   4.9406477308116563E-003
        1375   9.1847700025805509E-004
        1376   1.5264337522465912E-003
        1377   2.6024573843872164E-003
        1378   9.9302567942644916E-004
        1379   2.1124630174275873E-003
        1380   2.2110061457762528E-003
        1381   8.8634079224634947E-004
        1382   1.7445916427633620E-003
        1383   1.0035581697140210E-002
        1384   1.7245579143671684E-003
        1385   1.9288794674630308E-002
        1386   4.0135395849546895E-002
        1387   1.5317310468878629E-002
        1388   1.9849221647207517E-002
        1389   2.3910457962988331E-002
        1390   3.9491391467000217E-002
        1391   1.2675172582650740E-002
        1392   1.8961540021844990E-002
        1393   6.6772075001457210E-002
        1394   9.0172889495681266E-002
        1395   3.4552713352209628E-002
        1396   3.5169446967502800E-002
        1397   1.1233877335986249E-002
        1398   1.1139569111954696E-002
        1399   4.5254833995934203E-003
        1400   1.4142135623728270E-003
        1401   5.4653453687745742E-003
        1402   1.9088216260297563E-002
        1403   2.3958297101394910E-003
        1404   5.9211485372350822E-003
        1405   9.6296417378816026E-003
        1406   3.6414282912084284E-003
        1407   4.4226688774978663E-003
        1408   7.5709972923022114E-003
        1409   1.2151406880057121E-003
        1410   3.8223029707307811E-004
        1411   1.2712592182557868E-003
        1412   1.2756772307251603E-003
        1413   1.0965400129493968E-003
        1414   1.1160645142631004E-003
        1415   3.1121696611861515E-003
        1416   2.6324893162166497E-003
        1417   5.2682919433158382E-003
        1418   5.2419175880590668E-002
        1419   5.0269871692694514E-002
        1420   2.4355124717397470E-002
        1421  0.12792579880540003     
        1422   7.5987762172604001E-002
        1423   4.9521813375518843E-002
        1424   3.7647177849074905E-002
        1425   6.4313995366483301E-002
        1426   6.4297278324980708E-002
        1427   2.3122499864846529E-002
        1428   1.0323759005322199E-002
        1429   9.0184810250950834E-002
        1430   6.6699775112067206E-002
        1431   3.4552713352211509E-002
        1432   3.5169446967501107E-002
        1433   3.3337966344696261E-002
        1434   7.7704568720242716E-003
        1435   1.1013627921808078E-002
        1436   2.3573502073301184E-002
        1437   4.1109609582169870E-003
        1438   1.0816653826396893E-003
        1439   2.5139610179960516E-003
        1440   3.4249087579100745E-003
        1441   7.9776041746189123E-004
        1442   2.2940139493905511E-003
        1443   2.3178653972984260E-003
        1444   2.0044857315735689E-003
        1445   2.4353439182201266E-003
        1446   1.3400093283256788E-002
        1447   1.3551752654177414E-002
        1448   6.9656011944413277E-003
        1449   2.8268401086728991E-002
        1450   1.5448624534241440E-002
        1451   1.8503513179932700E-002
        1452   9.7666575654094204E-003
        1453   3.1796226191165122E-002
        1454   3.1698264936742077E-002
        1455   2.6516598575232198E-002
        1456   1.3293607486305321E-002
        1457   7.5987762172604500E-002
        1458  0.12785108525155417     
        1459   4.9521813375519197E-002
        1460   3.7606116523780486E-002
        1461   3.9491391467002208E-002
        1462   2.3891002490474433E-002
        1463   1.2766753698570480E-002
        1464   1.9016308790095329E-002
        1465   1.3441726079637674E-002
        1466   7.0356236397335278E-003
        1467   5.5982140009104763E-003
        1468   9.9100958623004765E-003
        1469   8.1240384045963001E-004
        1470   1.2649110640646009E-003
        1471   1.3601470508686645E-003
        1472   3.5679125549804391E-003
        1473   2.0645104434431280E-003
        1474   3.4377899877663935E-003
        1475   3.8118761784700682E-003
        1476   2.5557029819292384E-003
        1477   6.5374612809592156E-003
        1478   3.4484199280235155E-003
        1479   5.0841813500276268E-003
        1480   2.6557296549202668E-003
        1481   7.1428285713740058E-003
        1482   7.0299359883286084E-003
        1483   6.6468037431535966E-003
        1484   3.0621724314590488E-003
        1485   1.5435349040434736E-002
        1486   2.8304593266814861E-002
        1487   1.8394564414521673E-002
        1488   9.6685055722177411E-003
        1489   5.2419175880588614E-002
        1490   5.2735187493717813E-003
        1491   5.0202489978082833E-002
        1492   2.4348100541931643E-002
        1493   4.0176361209050417E-002
        1494   1.9259283475765627E-002
        1495   1.5327100182359301E-002
        1496   1.9805554776373503E-002
        1497   1.4713599151812241E-002
        1498   8.0062475604985965E-003
        1499   6.6947740813234945E-003
        1500   9.1940197955017698E-003
        1501   4.2497058721759889E-003
        1502   3.0724582991467917E-003
        1503   2.6019223662525548E-003
        1504   4.0632499307866818E-003
        1505   2.4390295848230005E-003
        1506   1.0746627377923733E-003
        1507   1.5516442891322492E-003
        1508   1.5156202628878439E-003
        1509   1.5192432326667871E-003
        1510   1.5047923444764422E-003
        1511   1.2657408897569194E-003
        1512   1.0049875620847831E-004
        1513   3.4226305672679235E-003
        1514   6.4791974811667088E-003
        1515   5.0734603575862125E-003
        1516   2.6419689627259239E-003
        1517   1.3304886320449107E-002
        1518   2.4103941586349343E-003
        1519   1.3479614237806643E-002
        1520   6.9361372535487473E-003
        1521   1.1045361017156649E-003
        1522   1.1445523142291076E-003
        1523   3.0430248109436031E-003
        1524   2.6324893162209232E-003
        1525   1.7804493814753825E-003
        1526   8.3066238628701347E-004
        1527   1.0016985574512074E-002
        1528   1.7146428199526392E-003
        1529   9.4625577937482754E-003
        1530   5.1565492337465211E-003
        1531   5.2668776329063737E-003
        1532   5.3225933528714088E-003
        1533   4.6400431032474583E-003
        1534   2.7495454169762365E-003
        1535   2.6248809496850199E-003
        1536   3.0757112998494270E-003
        1537   1.1795837839176497E-003
        1538   1.1635291143751534E-003
        1539   5.7886773030354968E-004
        1540   1.0402562264391383E-003
        1541   6.2219184525642217E-004
        1542   1.5223994219650766E-003
        1543   9.1364447954847149E-004
        1544   9.6337946833064867E-004
        1545   1.9748251194824360E-003
        1546   2.5572641631229557E-003
        1547   2.2907286741087746E-003
        1548   1.6898816526610171E-003
        1549   3.8193076185261340E-003
        1550   1.8639742487477609E-003
        1551   3.5477560092510474E-003
        1552   2.4795967414094231E-003
        1553   2.3518832286005477E-003
        1554   1.7900837969230222E-003
        1555   2.4271549949277929E-003
        1556   1.6945795938806093E-003
        1557   2.1956527712455806E-003
        1558   2.3705695518192603E-003
        1559   2.9573525806289693E-003
        1560   1.9153067639406439E-003
        1561   3.1601258331653351E-003
        1562   1.6222207001533560E-003
        1563   1.9202200658487336E-003
        1564   1.5691080268728243E-003
        1565   1.9228471726022327E-003
        1566   1.2980369794442898E-003
        1567   1.3034784147282548E-003
        1568   1.2954149914165972E-003
        1569   1.3494539303233934E-003
        1570   1.9142883795310644E-003
        1571   1.2539936203978671E-003
        1572   1.2954868630386212E-003
        1573   1.7425555945229012E-003
        1574   2.8107116536532414E-003
        1575   1.6469972677562825E-003
        1576   1.7818249072227628E-003
        1577   2.4470594598398638E-003
        1578   3.4658476596643398E-003
        1579   2.3536354857970065E-003
        1580   2.4912848090918628E-003
        1581   2.2913751329693248E-003
        1582   2.5079872407997345E-003
        1583   1.6505756571587311E-003
        1584   2.6073166282582611E-003
        1585   1.8345571672754618E-003
        1586   3.8706071875101921E-003
        1587   1.6705986950782841E-003
        1588   3.0344851293076843E-003
        1589   3.3073252032403940E-003
        1590   1.0594810050209942E-003
        1591   6.1773780846318565E-004
        1592   9.7596106479595811E-004
        1593   8.1829090181888893E-004
        1594   1.9899748741851689E-004
        1595   9.9999999999742808E-004
        1596   2.3323807579530214E-004
        1597   1.0160708636703134E-003
        1598   9.6519428096701891E-004
        1599   1.1034491379275640E-003
        1600   7.2862884927974716E-004
        1601   1.6431840526503630E-003
        1602   3.1702365842312661E-003
        1603   1.8912694149687496E-003
        1604   1.5726074981225766E-003
        1605   3.1784430150638403E-003
        1606   5.3193608638627751E-003
        1607   2.7201470548523935E-003
        1608   3.0003999733375056E-003
        1609   4.5428735399529394E-003
        1610   6.6075714146749606E-003
        1611   3.3079449814038880E-003
        1612   3.8729962561257973E-003
        1613   4.6499032248018711E-003
        1614   5.4781383699250208E-003
        1615   2.6723772188844536E-003
        1616   3.3060550509630532E-003
        1617   8.6143426911182482E-003
        1618   1.4714958375745981E-002
        1619   6.0491652316646679E-003
        1620   7.5524830353992742E-003
        1621   2.7276363393974501E-003
        1622   2.1656407827672381E-003
        1623   8.3570329663224180E-004
        1624   2.9274562336583316E-003
        1625   1.0624970588204966E-003
        1626   1.0198039027197133E-003
        1627   9.9999999978937568E-006
        1628   7.0710678118734928E-004
        1629   2.8705400188688596E-004
        1630   8.8317608663648353E-004
        1631   9.3813645063426157E-004
        1632   2.8284271247868309E-004
        1633   2.4121374439312004E-003
        1634   2.2422310318072950E-003
        1635   2.9830186053721908E-003
        1636   1.9591688417023335E-003
        1637   5.4410385038128504E-003
        1638   1.0143253915784883E-002
        1639   4.6521500405716266E-003
        1640   5.2040849339731916E-003
        1641   8.4154619599858243E-003
        1642   1.0959470790140837E-002
        1643   4.0274061131194989E-003
        1644   6.5469458528373096E-003
        1645   6.8498175158174445E-003
        1646   1.9772202709869166E-002
        1647   9.0570414595475771E-003
        1648   6.6007575322839665E-003
        1649   1.6143419712068369E-002
        1650   7.7278716345489046E-003
        1651   4.4452221541777786E-003
        1652   6.0876925020900211E-003
        1653   3.9496835316252827E-003
        1654   3.9255572852740592E-003
        1655   1.4142135623559818E-004
        1656   2.4041630560388593E-003
        1657   2.2226110770874005E-003
        1658   2.7586228448248829E-003
        1659   8.0622577483306743E-004
        1660   2.8600699292141889E-003
        1661   1.1045361017206975E-003
        1662   3.3778691508055693E-003
        1663   6.4031242374938495E-004
        1664   9.5393920142080202E-004
        1665   1.8337380654035646E-003
        1666   2.3953287874531434E-003
        1667   2.4798387044327997E-003
        1668   1.7413934379341526E-003
        1669   3.4838053906586642E-003
        1670   1.1854602481735626E-002
        1671   1.0215791697171508E-002
        1672   5.8653303402301385E-003
        1673   2.2461077445212606E-002
        1674   1.7699717511868874E-002
        1675   2.2405356502390363E-003
        1676   8.9115711297141544E-003
        1677   1.2338557452147987E-002
        1678   8.2449984839306455E-003
        1679   6.0844062980768363E-003
        1680   2.5806975801135599E-003
        1681   1.2786320815621159E-002
        1682   1.2786320815622112E-002
        1683   4.2426406871428127E-004
        1684   8.4852813742481922E-004
        1685   7.7278716345408208E-003
        1686   1.6143419712068074E-002
        1687   4.3977266854590752E-003
        1688   6.0876925020900211E-003
        1689   1.4640355186942200E-002
        1690   8.6382868671989622E-003
        1691   6.0646516800197097E-003
        1692   7.4866547936956939E-003
        1693   3.8910152916705708E-003
        1694   1.8788294228053290E-003
        1695   1.6673332000526572E-003
        1696   3.0265491900842447E-003
        1697   1.9550737510776032E-003
        1698   3.9051760523696470E-003
        1699   3.5872552181289642E-003
        1700   2.5155009637736763E-003
        1701   6.8635340750932625E-003
        1702   5.6877148311091077E-003
        1703   5.2816758704021883E-003
        1704   3.4429783618262605E-003
        1705   9.7006443084957355E-003
        1706   7.3979726952713640E-003
        1707   6.1798058221932909E-003
        1708   4.1255302689447776E-003
        1709   1.2377398757408158E-002
        1710   1.2290240030203929E-002
        1711   2.8284271247681144E-004
        1712   6.0108235708588179E-003
        1713   8.2686153617163478E-003
        1714   1.2389108119635457E-002
        1715   6.0860496218857283E-003
        1716   2.6286878856185401E-003
        1717   1.9775742716774909E-002
        1718   6.9086901797666359E-003
        1719   9.0570414595489510E-003
        1720   6.6648330811816580E-003
        1721   5.5767373974355923E-003
        1722   4.6829477895925483E-003
        1723   2.7622454633847758E-003
        1724   3.3823069050573184E-003
        1725   2.6000000000005047E-003
        1726   2.3043437243604387E-003
        1727   1.6431676725154284E-003
        1728   2.6570660511157146E-003
        1729   2.6509497153075212E-003
        1730   2.0412986062794364E-003
        1731   2.3166570743215894E-003
        1732   1.7642215068032635E-003
        1733   3.3648328338822114E-003
        1734   2.1730393461730380E-003
        1735   2.6570848687935389E-003
        1736   1.5628179676453026E-003
        1737   4.1027307978932434E-003
        1738   4.1388404173114826E-003
        1739   3.9597979746482208E-003
        1740   2.3621176939390459E-003
        1741   7.3979726952737258E-003
        1742   9.6156123049977622E-003
        1743   6.1065538563105769E-003
        1744   4.1340053217117836E-003
        1745   1.7652478579507806E-002
        1746   2.2461077445213484E-002
        1747   2.2405356502402766E-003
        1748   8.9067390216581166E-003
        1749   1.0960383204977902E-002
        1750   8.3999999999976767E-003
        1751   4.0938978980913426E-003
        1752   6.5490457320107809E-003
        1753   6.6075714146770041E-003
        1754   4.5453272709469481E-003
        1755   3.3391615714123851E-003
        1756   3.8509739027898534E-003
        1757   3.5341194094123990E-003
        1758   2.5019992006436787E-003
        1759   2.3853720883819014E-003
        1760   2.5079872408055393E-003
        1761   1.5683981133453367E-003
        1762   6.7742158217784043E-004
        1763   9.7590983189916887E-004
        1764   1.0027616775992172E-003
        1765   9.2135769383978059E-004
        1766   9.2092344959202326E-004
        1767   1.1243220179290002E-003
        1768   2.2360679775023255E-004
        1769   2.1476731594909921E-003
        1770   3.2802438933694964E-003
        1771   2.6589471600589071E-003
        1772   1.5781001235652941E-003
        1773   5.6833088953535185E-003
        1774   6.7594378464482683E-003
        1775   5.2867759551574111E-003
        1776   3.4481879299185490E-003
        1777   1.1825819210523619E-002
        1778   3.4568772034893483E-003
        1779   1.0200000000000148E-002
        1780   5.7982756057286863E-003
        1781   1.0112368664171076E-002
        1782   5.3823786563160624E-003
        1783   4.6529560496509585E-003
        1784   5.1749396131764297E-003
        1785   5.3422841556767502E-003
        1786   3.2542280190627593E-003
        1787   2.7386127875231366E-003
        1788   3.0594117081567175E-003
        1789   2.8248893783649367E-003
        1790   1.6911534525338246E-003
        1791   1.6583123951806977E-003
        1792   1.7146428199436852E-003
        1793   7.5610527107041121E-004
        1794   7.3246160308937510E-004
        1795   3.3313061955303171E-004
        1796   7.7373407524785178E-004
        1797   3.4318266805895948E-004
        1798   1.0183319694479032E-003
        1799   7.1447674459091228E-004
        1800   6.2617888817711618E-004
        1801   1.3246635086867635E-003
        1802   1.8466185312628143E-003
        1803   1.6361371019200433E-003
        1804   1.2753430910920135E-003
        1805   2.2055898076732030E-003
        1806   1.9831540535228333E-003
        1807   1.8377425606021681E-003
        1808   1.7677386684675470E-003
        1809   2.8082937949855339E-003
        1810   1.2856515857723174E-003
        1811   1.8923920263102991E-003
        1812   1.1989995829854738E-003
        1813   2.5092179630419259E-003
        1814   1.3999999999990350E-003
        1815   1.3809422124416385E-003
        1816   1.0222035022428662E-003
        1817   1.6686357357336373E-003
        1818   1.2676355943238150E-003
        1819   1.2152565427579792E-003
        1820   1.1558979193722696E-003
        1821   1.2486183157961192E-003
        1822   1.0231813133518698E-003
        1823   8.6650435643230775E-004
        1824   1.0109896141950959E-003
        1825   1.0389270836101317E-003
        1826   1.2737346662466459E-003
        1827   8.8294960218554270E-004
        1828   1.0576054313113901E-003
        1829   1.0751744044561048E-003
        1830   1.5778466338652456E-003
        1831   1.0772186407586727E-003
        1832   1.1007270324668304E-003
        1833   1.5996874694800445E-003
        1834   2.0958053344686473E-003
        1835   1.6554153557359684E-003
        1836   1.3901438774458375E-003
        1837   1.9499743588072319E-003
        1838   1.7064876208184112E-003
        1839   1.3638181696999378E-003
        1840   1.6763054614263955E-003
        1841   1.0062305898778220E-003
        1842   2.2190313201964902E-003
        1843   5.6780278266174223E-004
        1844   1.3881282361525211E-003
        1845   1.8867962264207551E-004
        1846   3.0016662039912030E-004
        1847   7.7226938305182790E-004
        1848   5.5461698495726794E-004
        1849   9.5021050299392738E-004
        1850   7.9397732964702785E-004
        1851   1.0482843125810639E-003
        1852   7.7485482511312155E-004
        1853   1.0677078252040938E-003
        1854   1.0020479030459540E-003
        1855   9.8290386101431175E-004
        1856   9.6208107766307578E-004
        1857   1.2403948113981940E-003
        1858   1.6992939710357181E-003
        1859   1.2085114811213563E-003
        1860   1.1912523995662434E-003
        1861   1.6524224641394265E-003
        1862   2.2744010200478732E-003
        1863   1.2896511156084967E-003
        1864   1.3254810447511063E-003
        1865   2.0969740103296431E-003
        1866   2.1656407827718824E-003
        1867   1.6092234151953307E-003
        1868   1.4499655168318756E-003
        1869   2.1059202264073909E-003
        1870   4.1569219381684909E-003
        1871   2.0855694665943029E-003
        1872   2.0591260281997352E-003
        1873   3.3816563988696494E-003
        1874   2.4596747752510511E-003
        1875   1.1943198901459336E-003
        1876   1.8248287590925504E-003
        1877   1.5432433379115994E-003
        1878   5.9999999999891575E-004
        1879   5.3999999999871035E-004
        1880   6.4807406984519679E-004
        1881   3.0805843601815485E-004
        1882   2.2360679775496758E-004
        1883   7.8746428490392270E-004
        1884   5.0000000000136101E-004
        1885   7.7466121627427903E-004
        1886   8.6602540378649033E-004
        1887   1.0020479030436690E-003
        1888   7.1414284285565069E-004
        1889   1.4459224646477782E-003
        1890   2.5491959516692080E-003
        1891   1.3656134152797452E-003
        1892   1.0671927614471369E-003
        1893   2.5362373705945900E-003
        1894   3.6197928117456513E-003
        1895   1.4397569239264782E-003
        1896   1.7095320997307047E-003
        1897   2.5969982672301470E-003
        1898   2.0346989949334483E-003
        1899   1.6155494421372680E-003
        1900   9.7180244906348325E-004
        1901   3.4190641994577705E-003
        1902   3.4727510708378803E-003
        1903   2.0223748416135115E-003
        1904   1.6401219466859183E-003
        1905   3.4146742157915304E-003
        1906   9.4868329805716984E-004
        1907   7.8740078739434206E-004
        1908   1.0488088481731073E-003
        1909   1.0440306508919853E-003
        1910   1.0440306508940136E-003
        1911   9.9999999997466414E-005
        1912   1.0000000000276037E-004
        1913   5.3851648071406107E-004
        1914   1.5000000000036419E-003
        1915   5.4772255749950473E-004
        1916   6.4807406984192923E-004
        1917   2.2360679774904876E-004
        1918   2.0000000000022680E-004
        1919   7.8740078740005689E-004
        1920   4.8989794855935236E-004
        1921   1.3371044766001424E-003
        1922   2.8440112517372656E-003
        1923   1.9397164741240282E-003
        1924   1.2311843246191683E-003
        1925   4.6711882856525760E-003
        1926   4.4904454122041892E-003
        1927   1.1357816691583129E-003
        1928   2.1367264682239828E-003
        1929   1.4763468427181113E-003
        1930   1.1832159566179091E-003
        1931   9.9498743710774813E-004
        1932   1.0307764064038506E-003
        1933   2.5416530054234629E-003
        1934   1.0049875621187597E-003
        1935   9.6953597148627629E-004
        1936   5.9999999999362180E-004
        1937   1.6155494421366127E-003
        1938   1.6062378404174491E-003
        1939   1.4142135623934155E-004
        1940   2.8284271247681144E-004
        1941   9.1651513899509529E-004
        1942   3.4146742157923054E-003
        1943   8.0622577482617266E-004
        1944   1.0049875621166526E-003
        1945   2.4819347291965064E-003
        1946   3.3541019662505678E-003
        1947   1.1789826122562720E-003
        1948   1.8248287590913897E-003
        1949   2.1470910553604535E-003
        1950   9.8994949366068476E-004
        1951   5.7445626465307191E-004
        1952   1.3453624047057486E-003
        1953   2.0874955223431119E-003
        1954   2.3059921942592937E-003
        1955   1.8614241859390393E-003
        1956   1.8784837895198521E-003
        1957   3.0555032318761140E-003
        1958   2.6126806157640635E-003
        1959   2.1489765005687335E-003
        1960   1.9365174928160916E-003
        1961   3.4891402952606917E-003
        1962   3.2155870381620709E-003
        1963   1.2083045973590749E-003
        1964   2.0808652046680424E-003
        1965   9.4868329805242668E-004
        1966   9.8488578017965223E-004
        1967   1.4142135623559818E-004
        1968   1.0630145812761643E-003
        1969   1.0049875621184962E-003
        1970   2.5199206336651795E-003
        1971   9.8994949366549754E-004
        1972   5.9999999999803342E-004
        1973   3.4727510708377277E-003
        1974   3.4597687784031729E-003
        1975   1.9697715603614547E-003
        1976   1.6401219466826906E-003
        1977   4.1569219381669626E-003
        1978   2.1213203435570573E-003
        1979   2.1424285285588599E-003
        1980   2.1118712081934238E-003
        1981   1.7029386365891308E-003
        1982   1.9621416870361386E-003
        1983   1.4594519519326647E-003
        1984   1.6763054614213427E-003
        1985   1.9571079235049037E-003
        1986   1.3828955130460211E-003
        1987   1.6549622352177796E-003
        1988   1.3224090692441433E-003
        1989   2.0090793911691309E-003
        1990   1.6278820596088899E-003
        1991   1.8484858668616749E-003
        1992   1.3038404810395720E-003
        1993   2.4087548650691712E-003
        1994   2.4515301344304901E-003
        1995   2.0518284528660015E-003
        1996   1.6900000000006118E-003
        1997   3.2155870381620709E-003
        1998   3.4842502780408962E-003
        1999   1.1180339887537668E-003
        2000   2.0808652046708409E-003
        2001   1.2369316876847747E-003
        2002   1.4696938456715733E-003
        2003   1.0862780491227152E-003
        2004   1.0440306508914783E-003
        2005   2.1213203435546859E-003
        2006   2.6419689627252729E-003
        2007   1.6155494421475902E-003
        2008   1.0049875621129651E-003
        2009   2.2135943621198972E-003
        2010   2.1587033144910596E-003
        2011   1.7146428199458464E-003
        2012   1.5165750888116807E-003
        2013   2.1470910553594673E-003
        2014   1.6062378404256888E-003
        2015   1.7464249196588236E-003
        2016   1.4177446878738428E-003
        2017   1.0640331666796252E-003
        2018   4.1182520563925285E-004
        2019   7.8714674616906031E-004
        2020   6.9713670512661324E-004
        2021   7.0455659815549980E-004
        2022   7.4672618810505808E-004
        2023   9.8290386101854642E-004
        2024   3.4985711368761929E-004
        2025   1.5544774041461554E-003
        2026   1.8920887928406784E-003
        2027   1.7578395831236010E-003
        2028   1.2083045973595129E-003
        2029   2.6115129714403438E-003
        2030   3.0033314835381485E-003
        2031   2.0639767440559591E-003
        2032   1.8165902124547266E-003
        2033   4.4452221541758730E-003
        2034   4.6711882856522221E-003
        2035   1.1357816691587792E-003
        2036   2.1118712081950528E-003
        2037   3.6041642581820456E-003
        2038   2.5019992006403992E-003
        2039   1.4352700094403313E-003
        2040   1.6763054614235531E-003
        2041   2.3430749027695697E-003
        2042   1.6792855623756250E-003
        2043   1.3453624047016167E-003
        2044   1.2688577540470166E-003
        2045   1.6999999999995922E-003
        2046   1.0488088481657885E-003
        2047   1.0954451150086749E-003
        2048  0.94079976615643268     
        2049   1.1183600851246447     
