           1  0.372513009022576       9.567555906797791E-002
           1   1.13859565722564       0.583281908250188     
           1   920.497834991723        41.7842596233789     
           2   920.498130233998        41.7362770710827     
           3   920.500707246501        41.6405231076034     
           4   920.513644194825        41.7999303835565     
           5   920.533242254229        42.0401534322228     
           6   920.564939285912        42.0311805547587     
           1   381.401474253871        17.6986656208402     
           2   381.547597271624        17.8082770254253     
           3   381.810755023092        17.9213211907662     
           4   382.177588111370        18.0984079100264     
           5   382.789574149237        18.4932123646486     
           6   383.800831724165        18.6067439640030     
           1   368.039162826306        17.7251605215109     
           2   369.952807995073        17.9443481817304     
           3   372.297793987758        18.5545643406420     
           4   375.366526292165        18.3511430470440     
           5   378.966880038072        18.5210046241202     
           6   383.028701087281        20.4972756061191     
           1   386.459492876127        23.3316851982837     
           2   390.377036798188        26.0515633137774     
           3   393.190124102038        25.7295630493498     
           4   396.276626975250        25.2156597325212     
