           1   6.0425278863327956E-004
           2   5.8137657696766818E-004
           3   3.3314121654360760E-004
           4   7.7372885465858414E-004
           5   2.7530613583914474E-004
           6   8.5146978680752927E-004
           7   7.1475059720772262E-004
           8   6.2465969026392475E-004
           9   1.1474301980778812E-003
          10   1.5212177485385081E-003
          11   1.6298884618959782E-003
          12   1.2753443257860918E-003
          13   1.7391670571274983E-003
          14   1.4860688031627255E-003
          15   1.8344868869897431E-003
          16   1.7667200691925265E-003
          17   1.2559923758081208E-003
          18   7.2691042470953348E-004
          19   1.8923770925768737E-003
          20   1.1990005950275183E-003
          21   1.0475108425368638E-003
          22   9.9201917873549777E-004
          23   1.3480875249486767E-003
          24   1.0251824600330051E-003
          25   1.1289639119503585E-003
          26   1.0307769448406625E-003
          27   1.2104720260041543E-003
          28   1.1558980591171997E-003
          29   9.7986497985156013E-004
          30   8.7200886624543364E-004
          31   8.6770873686617758E-004
          32   1.0109897425667098E-003
          33   9.0882191967796375E-004
          34   1.0064824527438996E-003
          35   8.8413810801786562E-004
          36   1.0575984833082433E-003
          37   8.4023915172456466E-004
          38   1.0881163493813900E-003
          39   1.0853589474477969E-003
          40   1.1007282055664437E-003
          41   1.2944899163941576E-003
          42   1.5008338937123528E-003
          43   1.6502443342206574E-003
          44   1.4152396580090799E-003
          45   1.6269309766318784E-003
          46   1.4767874296408930E-003
          47   1.3607358111118715E-003
          48   1.6880765543989369E-003
          49   8.0025039959549717E-004
          50   4.8331982248285478E-004
          51   5.2430978055685226E-004
          52   1.3968887404583953E-003
          53   4.6097751902194722E-004
          54   6.7999977232354684E-004
          55   7.7362908917629587E-004
          56   5.4037171396331880E-004
          57   9.4847339130150891E-004
          58   9.2849347854519746E-004
          59   1.0452289867259755E-003
          60   7.6896146067535710E-004
          61   9.6208336127933628E-004
          62   1.0186275436707528E-003
          63   9.8290481713772721E-004
          64   9.6208112768936141E-004
          65   1.0859163269558991E-003
          66   1.1588350871901804E-003
          67   1.2037015545077595E-003
          68   1.1912486621406208E-003
          69   1.0673782196678856E-003
          70   1.0084149499368397E-003
          71   1.2850279679232778E-003
          72   1.3300385897095366E-003
          73   1.2332895111828307E-003
          74   1.6000008550445372E-003
          75   1.6006251332385409E-003
          76   1.4159440946301240E-003
          77   1.7419541267621236E-003
          78   1.5620507903711801E-003
          79   2.0993331284649337E-003
          80   2.0591270824706852E-003
          81   1.2343431222536308E-003
          82   6.3245598643939813E-004
          83   1.1884864166780492E-003
          84   1.8414395144671913E-003
          85   3.4409438196837325E-004
          86   4.1231087137273231E-004
          87   5.4772366241815393E-004
          88   6.7349909591196135E-004
          89   8.4314859767022272E-004
          90   7.8102542143057964E-004
          91   7.8746427027727136E-004
          92   5.0000025600145214E-004
          93   8.8459080119263035E-004
          94   9.8995007368998670E-004
          95   9.9884935208793607E-004
          96   7.0774317150263711E-004
          97   9.7451850640251937E-004
          98   1.0536128513135756E-003
          99   1.3324029851901173E-003
         100   1.0700295829897510E-003
         101   9.0906480849742679E-004
         102   3.7202121024200072E-004
         103   1.4861022422982815E-003
         104   1.7307241956141146E-003
         105   1.0727988451454929E-003
         106   1.2165531854866523E-003
         107   1.6181477415659956E-003
         108   9.7180119408865541E-004
         109   1.5231554543951354E-003
         110   7.8102547322320007E-004
         111   2.0105719514534135E-003
         112   1.6160449980266440E-003
         113   8.0622629834803427E-004
         114   1.4142193219884977E-004
         115   7.6478698214975654E-004
         116   1.0488066172200225E-003
         117   1.4142184196448912E-004
         118   1.0000043595790929E-004
         119   1.0000005119796109E-004
         120   1.0000005119796109E-004
         121   3.6055545933207897E-004
         122   2.8284306786803613E-004
         123   5.5533878611820694E-004
         124   6.7349909590940676E-004
         125   6.4031285716830116E-004
         126   5.0000042118469683E-004
         127   7.8873347533030150E-004
         128   4.7371004883816362E-004
         129   7.9482198012821093E-004
         130   1.2884488946844415E-003
         131   1.9397174672619252E-003
         132   1.2311993655772957E-003
         133   6.4195000644871826E-004
         134   8.1394154641094372E-004
         135   1.0777766611540381E-003
         136   2.1498823579360646E-003
         137   7.1589151748187860E-004
         138   6.4031283777998360E-004
         139   9.9804840565595552E-004
         140   1.0545604941324253E-003
         141   6.3245592699099468E-004
         142   1.0000059243806791E-004
         143   9.7882572860355423E-004
         144   5.8043240533056206E-004
         145   1.0000073919779177E-004
         146   1.4142173999367427E-004
         147   1.4177472341338323E-004
         148   2.8284285728993598E-004
         149   1.0000032088727304E-004
         150   8.0622621242282960E-004
         151   7.8415506042141703E-004
         152   1.0049851880344718E-003
         153   6.3245589388347427E-004
         154   1.2041601134005480E-003
         155   1.1730738678331488E-003
         156   1.8414395144666883E-003
         157   5.0000038651535803E-004
         158   8.0000048828616957E-004
         159   5.3150756276846016E-004
         160   1.3544003390939506E-003
         161   1.5105030964061873E-003
         162   1.7586644099081312E-003
         163   1.8582253727692285E-003
         164   1.8775149042158251E-003
         165   1.6347791615724337E-003
         166   1.9031825246043715E-003
         167   2.1438762986412882E-003
         168   1.9339615027898882E-003
         169   1.2257657600635442E-003
         170   1.4422212876176700E-003
         171   1.2083052160125698E-003
         172   2.0696868516439874E-003
         173   5.0000036004634171E-004
         174   4.2426445092883929E-004
         175   1.4142142864590385E-004
         176   1.0630151255359244E-003
         177   1.0000061387649299E-004
         178   7.2801144348238036E-004
         179   1.0081689351803562E-003
         180   5.8043240533056206E-004
         181   7.2111066933102123E-004
         182   1.4866076555594152E-003
         183   1.9576514901639883E-003
         184   1.6160449980286095E-003
         185   1.5811396586336486E-003
         186   1.8248297154782661E-003
         187   2.1558306320126962E-003
         188   2.1118722894705858E-003
         189   1.4560227665728642E-003
         190   1.7464258505271069E-003
         191   1.4565720799646405E-003
         192   1.6880765543967416E-003
         193   1.5457846791065628E-003
         194   1.1810599611700430E-003
         195   1.6487875340101149E-003
         196   1.3224059973049485E-003
         197   1.5065197480879774E-003
         198   1.3371995708146508E-003
         199   1.8559376670243054E-003
         200   1.3038411486094807E-003
         201   1.8607803861609611E-003
         202   1.8867972083750520E-003
         203   2.0518295034029021E-003
         204   1.6900013195373710E-003
         205   1.3601477862892671E-003
         206   1.2369323550608425E-003
         207   1.1180345611848279E-003
         208   2.0696868516471845E-003
         209   7.2111071641660796E-004
         210   7.2801141576164091E-004
         211   1.0890825563726952E-003
         212   1.0675194911261253E-003
         213   1.3152953438245330E-003
         214   1.1704706058254109E-003
         215   1.6181477415661595E-003
         216   1.0049880766655106E-003
         217   1.6031227913438353E-003
         218   1.2806255173076026E-003
         219   1.7065756210102401E-003
         220   1.4840809030288483E-003
         221   1.5264345595793938E-003
         222   1.3453631130261566E-003
         223   1.7415235142814955E-003
         224   1.4423603464339288E-003
         225   9.2199902692088670E-004
         226   3.9698849119278201E-004
         227   7.8740094476601602E-004
         228   6.9576382841047830E-004
         229   7.1589147097886829E-004
         230   7.1840202025832674E-004
         231   9.8290481714056847E-004
         232   3.4985795663930111E-004
         233   1.3327024133372996E-003
         234   1.5033304165436446E-003
         235   1.7656734853754102E-003
         236   1.2083052160104066E-003
         237   1.8110779648984414E-003
         238   1.6155502874128046E-003
         239   2.0586660113235500E-003
         240   1.8138643833793362E-003
         241   8.0622623645413281E-004
         242   5.0990226241946876E-004
         243   1.0777766611552659E-003
         244   2.1251825710999280E-003
         245   4.2426433460108565E-004
         246   1.0000005176617963E-003
         247   1.4817559689831168E-003
         248   1.6979122845682643E-003
         249   1.0198044291492921E-003
         250   1.0198044291492921E-003
         251   1.3409334817595117E-003
         252   1.2736172399861149E-003
         253   1.0440311964431351E-003
         254   8.0622619899947104E-004
         255   1.1034498432118960E-003
         256   1.1445529002334707E-003
         257   7.5485210793377170E-004
         258   7.3116192496280733E-004
         259   5.7886382437750744E-004
         260   1.0402574933366657E-003
         261   3.4550073566872250E-004
         262   1.0183316989514541E-003
         263   9.1451854738788894E-004
         264   9.4154084667279799E-004
         265   1.3227275147118611E-003
         266   1.8448857438525586E-003
         267   2.2885577482618684E-003
         268   1.6965276164975938E-003
         269   2.2087677036235374E-003
         270   1.9631102966295123E-003
         271   3.5477630823708434E-003
         272   2.4808262761331079E-003
         273   2.7871344996393752E-003
         274   1.2870502482942544E-003
         275   2.4242916395645041E-003
         276   1.6923666623424609E-003
         277   2.5048588100314581E-003
         278   1.3865431722948315E-003
         279   2.9604214268050219E-003
         280   1.9080865300640962E-003
         281   1.6686157266055275E-003
         282   1.2764793078967266E-003
         283   1.8958154677104616E-003
         284   1.5732143647865602E-003
         285   1.2334988502132958E-003
         286   1.0222518024684622E-003
         287   1.2948559140701999E-003
         288   1.2939091101808115E-003
         289   1.0380154087049065E-003
         290   1.2589277147035949E-003
         291   1.2450316591679658E-003
         292   1.2939768202587512E-003
         293   1.0839271744146875E-003
         294   1.5728006223398939E-003
         295   1.6263777639413033E-003
         296   1.8104684019261570E-003
         297   1.6160122056601950E-003
         298   2.0649460772501787E-003
         299   2.3469129129951275E-003
         300   2.4615031098527930E-003
         301   1.9440417556686304E-003
         302   1.7085090147780522E-003
         303   1.6437763933982944E-003
         304   2.5788766916978179E-003
         305   1.0163183903007516E-003
         306   2.2127369027591780E-003
         307   1.6473601655034337E-003
         308   3.0344861706098052E-003
         309   1.8894412331367145E-004
         310   3.0166243090167774E-004
         311   5.9262070638235655E-004
         312   9.7267717737956701E-004
         313   9.4831339845969883E-004
         314   7.9423082735059921E-004
         315   1.0002004663094378E-003
         316   1.9999881216037851E-004
         317   1.0647072228884102E-003
         318   9.9884954585003380E-004
         319   1.1034514802057344E-003
         320   7.2862781457105061E-004
         321   1.2494175048501971E-003
         322   1.6992943627285129E-003
         323   1.8664944837477858E-003
         324   1.5766854088960552E-003
         325   1.6771975600491879E-003
         326   2.2446616667310027E-003
         327   2.7453232494556285E-003
         328   3.0111121974886138E-003
         329   2.0615065560211279E-003
         330   2.1795381963747645E-003
         331   3.2853310583299002E-003
         332   3.8890223920954917E-003
         333   2.1097404158666598E-003
         334   4.1743134710258978E-003
         335   2.6681836832732875E-003
         336   3.2952068373805800E-003
         337   3.3523297163271823E-003
         338   2.4858796961931928E-003
         339   6.0680536066827643E-003
         340   7.5334530617662213E-003
         341   1.5220078369125229E-003
         342   6.0000030720011913E-004
         343   8.4053424702244524E-004
         344   2.9346390061447325E-003
         345   3.0951615940592094E-004
         346   2.2560871191952837E-004
         347   9.9993600009746352E-006
         348   7.0710714322671175E-004
         349   7.7492012203041899E-004
         350   8.6394500447321745E-004
         351   9.3835040482896084E-004
         352   2.5612469763099940E-004
         353   1.4328786347326036E-003
         354   2.5448966998797636E-003
         355   2.9860504342321434E-003
         356   1.9521024380910815E-003
         357   2.5425586605747393E-003
         358   3.6112342451552052E-003
         359   4.7257298768009276E-003
         360   5.1981373256133291E-003
         361   2.6058596350358393E-003
         362   2.0245716117436429E-003
         363   4.0274081751517669E-003
         364   6.5643639507541075E-003
         365   3.4132240432311325E-003
         366   3.4560672857155404E-003
         367   8.9946715049727486E-003
         368   6.6299014273551813E-003
         369   3.4366993324168051E-003
         370   9.1520482795958791E-004
         371   4.4103969505659806E-003
         372   6.0208298249815684E-003
         373   1.0675214249416061E-003
         374   1.0675214249388785E-003
         375   1.4142142864590385E-004
         376   2.4041642869653919E-003
         377   5.3851675643224785E-004
         378   1.4781428817969146E-003
         379   8.1123252495348254E-004
         380   2.8674214369413544E-003
         381   2.2561057053769928E-004
         382   2.0025007534844766E-004
         383   6.1611419285255171E-004
         384   9.5057921704213373E-004
         385   1.3384420015529730E-003
         386   2.8231183914760420E-003
         387   2.4770344521082193E-003
         388   1.7389607090321723E-003
         389   4.6782601617125965E-003
         390   4.4904480403084104E-003
         391   1.0282925215596515E-002
         392   5.8843010087520804E-003
         393   1.4384713760265976E-003
         394   1.1849477485751628E-003
         395   2.2459749699350038E-003
         396   8.8954186832667526E-003
         397   2.5251558163476230E-003
         398   9.9503883904124573E-004
         399   6.1607124727913794E-003
         400   2.6462057846057059E-003
         401   1.6155470747481076E-003
         402   1.6062354497418255E-003
         403   4.2426428593396811E-004
         404   8.4852857186980789E-004
         405   8.8181620289205949E-004
         406   3.4366993324183451E-003
         407   4.3625223754846353E-003
         408   6.0208298249801624E-003
         409   2.5079070908950191E-003
         410   3.3245295125771349E-003
         411   6.0834934660616144E-003
         412   7.4674569982090058E-003
         413   2.1405855473449723E-003
         414   1.0002014982959336E-003
         415   1.6440477606714679E-003
         416   3.0265507396817319E-003
         417   2.0684578238895530E-003
         418   2.3090480544764249E-003
         419   3.5872540263548907E-003
         420   2.5167055320675100E-003
         421   3.0496252250801427E-003
         422   2.6172896388168714E-003
         423   5.3484701329824325E-003
         424   3.4429804600282251E-003
         425   3.4578334217565806E-003
         426   3.2112901728878133E-003
         427   6.1548764894436793E-003
         428   4.1387059073019483E-003
         429   9.4952657509237977E-004
         430   9.8569812239087035E-004
         431   2.8284285728806432E-004
         432   6.0108220870314028E-003
         433   9.9503883904177763E-004
         434   2.5032802048896431E-003
         435   6.1623354495591483E-003
         436   2.6930289016945225E-003
         437   3.4560672857176082E-003
         438   3.4539973958983591E-003
         439   8.9946715049741312E-003
         440   6.6936980184165822E-003
         441   4.1743134710220927E-003
         442   2.1251118450131695E-003
         443   2.7581891622444612E-003
         444   3.3717040169973880E-003
         445   1.7049640680892029E-003
         446   1.9562471633119117E-003
         447   1.6363369260905586E-003
         448   2.6291647111616498E-003
         449   1.9554596716012682E-003
         450   1.3810501772011589E-003
         451   2.3145199464538317E-003
         452   1.7705720658986728E-003
         453   2.0194059287676237E-003
         454   1.6255458466586960E-003
         455   2.6708972980677070E-003
         456   1.5688532172518210E-003
         457   2.4071126805264346E-003
         458   2.4499153782114010E-003
         459   3.9597954403773634E-003
         460   2.3621147902919640E-003
         461   3.2112901728858353E-003
         462   3.4528991020080931E-003
         463   6.0813242245293152E-003
         464   4.1471540432978290E-003
         465   1.2385884304171888E-003
         466   1.4316416323908617E-003
         467   2.2459749699368309E-003
         468   8.8905796677174395E-003
         469   2.1116083762373877E-003
         470   2.6506799531958768E-003
         471   4.0938982607785224E-003
         472   6.5664596619490860E-003
         473   2.2271924746997897E-003
         474   2.1242633885679768E-003
         475   3.3167605242606264E-003
         476   3.8670911179709993E-003
         477   2.1169782472504721E-003
         478   1.6224978112577156E-003
         479   2.3787371687000410E-003
         480   2.4784054122606127E-003
         481   1.0640164060066026E-003
         482   4.1376293022860603E-004
         483   9.7672828277655874E-004
         484   9.8179183158536554E-004
         485   7.0569114623340097E-004
         486   7.4779764707309131E-004
         487   1.1243207804194244E-003
         488   2.2360691223298812E-004
         489   1.5520306913253893E-003
         490   1.9030504253948421E-003
         491   2.6727499695790762E-003
         492   1.5840761881483027E-003
         493   2.6161241268668352E-003
         494   2.9973507484527748E-003
         495   5.3535062667228513E-003
         496   3.4481880115804528E-003
         497   4.4452228337411356E-003
         498   4.6782578864066312E-003
         499   1.0267235479431040E-002
         500   5.8110581858492908E-003
         501   3.5955675849855921E-003
         502   2.5084067385144787E-003
         503   4.7265233392184318E-003
         504   5.1689558806658729E-003
         505   2.3142176523247809E-003
         506   1.7036717667007848E-003
         507   2.7636172188608638E-003
         508   3.0699171450628477E-003
         509   1.6953182481118541E-003
         510   1.0577806334121356E-003
         511   1.6378347739901069E-003
         512   1.7443913348145971E-003
         513   1.1697332261917943E-003
         514   1.1535581343880465E-003
         515   9.9882424807091401E-004
         516   1.4659322813695404E-003
         517   6.2610134583260214E-004
         518   1.5307835774834831E-003
         519   1.4776740017511040E-003
         520   1.4942557504702249E-003
         521   1.9720047330886942E-003
         522   2.5572633130159176E-003
         523   3.7784882991545774E-003
         524   2.5223001405690329E-003
         525   3.8379194724564528E-003
         526   1.8564749410946530E-003
         527   2.2357892755032502E-003
         528   1.9177056045684741E-003
         529   2.3493542940383224E-003
         530   1.8102207531590236E-003
         531   1.2611358781028086E-003
         532   1.2338968996796274E-003
         533   2.1945020912643711E-003
         534   2.4009356712083596E-003
         535   2.0611157704028800E-003
         536   2.1720027280721869E-003
         537   3.1601147454923075E-003
         538   1.6243463773295463E-003
         539   3.1506522116936933E-003
         540   2.6144970688465686E-003
         541   1.9104495127567568E-003
         542   1.2973042201992143E-003
         543   1.8667108184133897E-003
         544   1.5863161451989472E-003
         545   1.3494435142742279E-003
         546   1.9018416780717518E-003
         547   1.8501901547084720E-003
         548   1.6375515033491956E-003
         549   1.7483976392767893E-003
         550   2.8341851226471710E-003
         551   2.6130816190185740E-003
         552   3.1031617137734289E-003
         553   2.4620535856651805E-003
         554   3.4849672260359264E-003
         555   2.5681892892745316E-003
         556   4.0286581327536042E-003
         557   2.2797581776044440E-003
         558   2.5079885248873602E-003
         559   1.2469585934956459E-003
         560   3.5233647119711385E-003
         561   1.8285785538047694E-003
         562   3.9133250762971470E-003
         563   2.4949772252732868E-003
         564   3.4103378302581047E-003
         565   3.3000747095360580E-003
         566   1.0296116282163003E-003
         567   4.3150900678621904E-003
         568   7.5299135444446162E-003
         569   8.2443972717509732E-004
         570   2.4186732284275299E-004
         571   8.7686889466769295E-004
         572   1.5280386808959874E-003
         573   1.0160703426379824E-003
         574   9.6519513606732946E-004
         575   1.1384640012364665E-003
         576   4.0000665599329406E-005
         577   1.6452730652287962E-003
         578   3.1702363881682548E-003
         579   3.1804553230963687E-003
         580   2.6781579762282480E-003
         581   3.1662924622488384E-003
         582   5.3069749178217976E-003
         583   5.2473712266992972E-003
         584   5.3161621823878871E-003
         585   4.5224562726117745E-003
         586   6.5835303315531805E-003
         587   6.6249516939517628E-003
         588   9.2049119220037785E-003
         589   4.6572224649180779E-003
         590   5.4670734910960790E-003
         591   5.5120307848206358E-003
         592   9.8508883513480482E-003
         593   8.6143418152406764E-003
         594   1.4767815696567136E-002
         595   1.0951254232722512E-002
         596   2.3649524373276373E-002
         597   2.7299972174775248E-003
         598   2.1692407990565972E-003
         599   2.3442699397351816E-003
         600   5.9715995913442489E-003
         601   1.0624967892052129E-003
         602   1.0198044248578674E-003
         603   1.1819048969383121E-003
         604   2.7586242572424872E-003
         605   3.1827498853179858E-004
         606   8.8887323911237366E-004
         607   9.1847377600100060E-004
         608   1.5264345337818938E-003
         609   2.4419707720600889E-003
         610   2.2410920110205374E-003
         611   2.1124640990084044E-003
         612   2.2110155851533435E-003
         613   5.4506249062558909E-003
         614   1.0181807112394052E-002
         615   1.0035582214035513E-002
         616   1.7245581576648429E-003
         617   8.4459227310371057E-003
         618   1.0959470927025093E-002
         619   1.5317312878239592E-002
         620   1.9849221748994315E-002
         621   6.8562449422018105E-003
         622   1.9764211349634214E-002
         623   1.2675174288082326E-002
         624   1.8961538468686333E-002
         625   1.6176604080944870E-002
         626   7.7302079523601085E-003
         627   3.4552714827782133E-002
         628   3.5169445677219170E-002
         629   3.9710080827442323E-003
         630   3.9470121609457903E-003
         631   4.5254811549562991E-003
         632   1.4142097247595163E-003
         633   2.2261190220437157E-003
         634   2.7609601789133709E-003
         635   2.3958297251048598E-003
         636   5.9211486816387222E-003
         637   1.0688763511655078E-003
         638   3.3707691202943409E-003
         639   4.4226669117735451E-003
         640   7.5709989532085223E-003
         641   1.8533820297731145E-003
         642   2.3928424653148839E-003
         643   1.3061788860770777E-003
         644   1.2756759423412519E-003
         645   3.4583945264269784E-003
         646   1.1894166000647001E-002
         647   3.1036257454794916E-003
         648   2.6324878458530770E-003
         649   2.2468557534551323E-002
         650   1.7676676911743662E-002
         651   5.0269872271510169E-002
         652   2.4355124810411372E-002
         653   1.2304209245429609E-002
         654   8.2162574077527719E-003
         655   4.9521812546446241E-002
         656   3.7647177880765333E-002
         657   1.2767083438019366E-002
         658   1.2767084246498743E-002
         659   2.3122498018573259E-002
         660   1.0323759729402795E-002
         661   7.7302066170920197E-003
         662   1.6176604080947652E-002
         663   3.4552714827781481E-002
         664   3.5169445677220863E-002
         665   1.4693480850207215E-002
         666   8.6382870331606094E-003
         667   1.1013626561107801E-002
         668   2.3573502101753161E-002
         669   3.9335118969990469E-003
         670   1.8729893046081226E-003
         671   2.5709908335583829E-003
         672   3.4249084394938345E-003
         673   1.9479162386766113E-003
         674   3.9233791847841683E-003
         675   2.3178665840468261E-003
         676   2.0044864730991633E-003
         677   6.8635338896860503E-003
         678   5.6979378179441769E-003
         679   1.3551751809390769E-002
         680   6.9655998003631285E-003
         681   9.7006437721209246E-003
         682   7.3867136127514846E-003
         683   1.8503514861466067E-002
         684   9.7666559764642488E-003
         685   1.2382906629274151E-002
         686   1.2295786907636507E-002
         687   2.6516598466722097E-002
         688   1.3293605169259766E-002
         689   8.2399566470168113E-003
         690   1.2354900476743733E-002
         691   4.9521812546447046E-002
         692   3.7606116530585952E-002
         693   1.9767752774941423E-002
         694   6.9150628986132997E-003
         695   1.2766755459949892E-002
         696   1.9016307246519454E-002
         697   5.5658685780471361E-003
         698   4.6902120523410178E-003
         699   5.5982125458177009E-003
         700   9.9100959563292543E-003
         701   2.5961718316005748E-003
         702   2.2927916305793793E-003
         703   1.3601449014588084E-003
         704   3.5679127544502999E-003
         705   2.6509419318996885E-003
         706   2.0385780047864595E-003
         707   3.8118766171530722E-003
         708   2.5557128814048470E-003
         709   3.3439039198823683E-003
         710   2.1749002897617467E-003
         711   5.0841804015440964E-003
         712   2.6557288186890293E-003
         713   4.1051780560421294E-003
         714   4.1412669249891246E-003
         715   6.6468025846298830E-003
         716   3.0621726530926942E-003
         717   7.3867164948122890E-003
         718   9.6156117267363530E-003
         719   1.8394566046726020E-002
         720   9.6685026490763663E-003
         721   1.7629376210666250E-002
         722   2.2468557534552260E-002
         723   5.0202490520761235E-002
         724   2.4348101085091434E-002
         725   1.0960383342785963E-002
         726   8.4305154358240882E-003
         727   1.5327102600201490E-002
         728   1.9805552978934639E-002
         729   6.5835303315543254E-003
         730   4.5249213301688162E-003
         731   6.6947729800495830E-003
         732   9.1940189245279767E-003
         733   3.5528721372210608E-003
         734   2.5166630407501937E-003
         735   2.6019194834614374E-003
         736   4.0632503440899866E-003
         737   1.5744095805682412E-003
         738   6.8102758048309091E-004
         739   1.5516445597111342E-003
         740   1.5156203532330659E-003
         741   9.2032632515877053E-004
         742   9.1989119384396545E-004
         743   1.2657374298109551E-003
         744   1.0049906446724072E-004
         745   2.1495590716450398E-003
         746   3.2587705120658587E-003
         747   5.0734600941937614E-003
         748   2.6419688503245818E-003
         749   5.6935400731338735E-003
         750   6.7538207625595162E-003
         751   1.3479615683447327E-002
         752   6.9361353638480510E-003
         753   1.1865480541707501E-002
         754   3.4312657468703184E-003
         755   3.0430263689703108E-003
         756   2.6324878458532028E-003
         757   1.0151039636594732E-002
         758   5.3872161011696727E-003
         759   1.0016987064461046E-002
         760   1.7146404997944297E-003
         761   5.3299530599389905E-003
         762   3.2423584912807317E-003
         763   5.2668768386909953E-003
         764   5.3225909268627917E-003
         765   2.8482427948209221E-003
         766   1.6971745955240728E-003
         767   2.6248793443683347E-003
         768   3.0757084699281263E-003
         769   1.7029969908103611E-003
         770   1.6944021035680407E-003
         771   1.3991326346354783E-003
         772   1.7912018875178431E-003
         773   1.0348295110231868E-003
         774   2.3820166308613179E-003
         775   2.5908748044045087E-003
         776   2.3161389193298593E-003
         777   3.3615541767950418E-003
         778   2.0140504460490591E-003
         779   2.4618777051081554E-003
         780   2.1914370808871733E-003
         781   2.2491357991213531E-003
         782   7.4672720973630253E-004
         783   3.3042223139015365E-004
         784   7.7999846399987439E-004
         785   3.4524503349573434E-004
         786   1.1694453194579714E-003
         787   1.4353613144187699E-003
         788   4.6303337880746305E-004
         789   9.3227983871813438E-004
         790   2.5172209942618865E-003
         791   1.0625992323747442E-003
         792   1.1525616430896784E-003
         793   2.0611345459085979E-003
         794   2.6569915664275607E-003
         795   2.2227779105849469E-003
         796   2.8288513139238928E-003
         797   3.0242989061990094E-003
         798   1.5925140208964098E-003
         799   2.6919227268789262E-003
         800   2.3485320651540696E-003
         801   1.6456034886931840E-003
         802   3.0415939820669490E-003
         803   2.6966646953662039E-003
         804   2.3978517861779542E-003
         805   2.7710306184735934E-003
         806   4.6446201999235520E-003
         807   3.7490545241816845E-003
         808   4.7355478284143437E-003
         809   3.0566818052003789E-003
         810   4.1512045941757905E-003
         811   1.6770518417761862E-003
         812   5.8703466404774760E-003
         813   1.1841030375694789E-003
         814   8.0255627989733670E-004
         815   4.0199529485842559E-004
         816   1.0488093851606024E-003
         817   1.0356162890957348E-003
         818   4.1157743573075663E-003
         819   1.6093771970661424E-003
         820   7.5000038400164875E-004
         821   3.5938278434627714E-003
         822   9.5084167302197844E-003
         823   4.4238452244604572E-003
         824   6.5264763318900430E-003
         825   4.8682652151907932E-003
         826   1.5516449754747067E-003
         827   4.7983440776465502E-003
         828   1.0383280687010665E-002
         829   6.0835768742630470E-004
         830   6.5337481105905712E-004
         831   2.6248948279609951E-004
         832   1.4213024890721668E-003
         833   2.7149115370400608E-003
         834   2.1266181206409116E-003
         835   2.2759819296023693E-003
         836   2.8640545134907946E-003
         837   5.1692554136845356E-003
         838   9.5166646222930203E-003
         839   8.6797725066750566E-003
         840   1.3049515188551081E-003
         841   7.9833389782485720E-003
         842   1.4756695443628884E-002
         843   9.2249667567617932E-003
         844   1.6927565338200973E-002
         845   7.0224572023913122E-003
         846   1.3361512285955099E-002
         847   3.4187878187124958E-003
         848   1.7578679232114720E-002
         849   7.7370268316419473E-003
         850   3.3337964972316343E-002
         851   7.1015797773578641E-003
         852   1.7927913182403721E-002
         853   1.9041910358750781E-002
         854   5.4653436815788204E-003
         855   2.2994652991028510E-002
         856   5.0726325381322504E-002
         857   2.9887099493060934E-003
         858   2.9966634407751274E-003
         859   3.3729668741664456E-003
         860   6.0108220870267138E-003
         861   1.5877331826207946E-003
         862   4.9406460820577329E-003
         863   4.8953947061902044E-003
         864   1.0486659099392030E-002
         865   2.6024665044289312E-003
         866   9.9302598646160080E-004
         867   1.0752212720498786E-003
         868   1.2383051374709653E-003
         869   8.8634185744470260E-004
         870   1.7445919591318104E-003
         871   2.5643898750823727E-003
         872   2.8089128335084005E-003
         873   1.9336690676329066E-002
         874   4.0135395824671946E-002
         875   3.6289114810952462E-002
         876   1.2367168695633170E-002
         877   2.3910458225732151E-002
         878   3.9491391944884831E-002
         879   4.1423303186229811E-002
         880   7.0678003003007417E-002
         881   6.6772072566749816E-002
         882   9.0172889612247439E-002
         883   9.7716837042454346E-002
         884  0.26668320414672242     
         885   1.1233876368853753E-002
         886   1.1139568097563496E-002
         887   1.1808896437083122E-002
         888   1.2303659730432346E-002
         889   5.4653436815813626E-003
         890   1.9088214001815245E-002
         891   2.2987170078630208E-002
         892   5.0802855143954204E-002
         893   9.5822723667545375E-003
         894   3.6414275867788907E-003
         895   4.4395943062210189E-003
         896   6.6377713387564350E-003
         897   1.2151531521110935E-003
         898   3.8222996956199519E-004
         899   1.3595582902452246E-003
         900   4.5828879593100340E-004
         901   1.0965420216530698E-003
         902   1.1160652822207213E-003
         903   6.4429859775342558E-003
         904   1.7972209957371516E-003
         905   5.2682902948120083E-003
         906   5.2419174425534218E-002
         907   3.4150257347228874E-002
         908   6.7293674726162040E-003
         909  0.12792580021037570     
         910   7.5987761104170992E-002
         911  0.30078021874642247     
         912  0.10529980991032553     
         913   6.4313994476447922E-002
         914   6.4297277427632235E-002
         915  0.29613632104704218     
         916  0.16348308940329856     
         917   9.0184810372559432E-002
         918   6.6699772639333105E-002
         919   9.7808180899342623E-002
         920  0.26668320414672370     
         921   3.3337964972313672E-002
         922   7.7704564088144920E-003
         923   7.1728648916085649E-003
         924   1.8016105934184078E-002
         925   4.1109602383469857E-003
         926   1.0816659364523322E-003
         927   1.6278828930834514E-003
         928   7.8740119055012978E-004
         929   7.9778026137024369E-004
         930   2.2940151239266714E-003
         931   3.6891698170695380E-004
         932   8.2656967679999862E-004
         933   2.4353435518803734E-003
         934   1.3400092417161719E-002
         935   1.7461118389502906E-003
         936   3.0739067627032755E-003
         937   2.8268402261068557E-002
         938   1.5448626263598943E-002
         939   5.9700416956375547E-002
         940   2.6539215815853171E-002
         941   3.1796229262571647E-002
         942   3.1698267957871361E-002
         943   4.9497477217329160E-002
         944   1.4778699333555122E-002
         945   7.5987761104167106E-002
         946  0.12785108661866171     
         947  0.30072223059077607     
         948  0.10524001121583616     
         949   3.9491391944886822E-002
         950   2.3891002747003558E-002
         951   4.1426320704525330E-002
         952   7.0621456400882979E-002
         953   1.3441726530629375E-002
         954   7.0356231616168913E-003
         955   3.3481355228022988E-003
         956   1.7613913936722625E-002
         957   8.1240108006030824E-004
         958   1.2649086516284336E-003
         959   4.0000020479978533E-004
         960   9.8995000051624663E-004
         961   2.0645294948960302E-003
         962   3.4377901828686751E-003
         963   2.5490380720943123E-003
         964   2.2365250017450577E-003
         965   6.5374611407661353E-003
         966   3.4484217946371739E-003
         967   1.2008282641896703E-002
         968   5.4974998993189200E-003
         969   7.1561162780035756E-003
         970   7.0434371075041614E-003
         971   7.4249571524358663E-003
         972   4.0800601627884918E-003
         973   1.5435350757677234E-002
         974   2.8304594459604381E-002
         975   5.9645199152051652E-002
         976   2.6401703970317821E-002
         977   5.2419174425535731E-002
         978   5.2735183299528901E-003
         979   3.4150257649479460E-002
         980   6.7096947413801842E-003
         981   4.0176361202040198E-002
         982   1.9307254573224124E-002
         983   3.6289114810952462E-002
         984   1.2433020844984089E-002
         985   1.4713601182600268E-002
         986   8.0062461804558359E-003
         987   9.1831373111177159E-003
         988   1.6955824032303356E-002
         989   4.1821023239124993E-003
         990   3.0724565127484955E-003
         991   1.6970541026144286E-003
         992   5.8898221158852244E-003
         993   2.4390585905984564E-003
         994   1.0746620033781824E-003
         995   2.6755183619171026E-003
         996   2.3479256203821990E-003
         997   1.5192412886259115E-003
         998   1.5047942981716667E-003
         999   1.9173163729822205E-003
        1000   1.2806335632802764E-004
        1001   3.4226304083998208E-003
        1002   6.4791963677483765E-003
        1003   1.1916794178516524E-002
        1004   5.4415894927499564E-003
        1005   1.3304887750441583E-002
        1006   2.4103953927579053E-003
        1007   1.7233696763250374E-003
        1008   3.0999987778059920E-003
        1009   1.1045366672407372E-003
        1010   1.1445529002365349E-003
        1011   6.4505814715386488E-003
        1012   1.7972209957387347E-003
        1013   1.7804473943850566E-003
        1014   8.3066281159122036E-004
        1015   2.5729346253349598E-003
        1016   2.7820869730765889E-003
        1017   9.4625590593361980E-003
        1018   5.1565474951498725E-003
        1019   8.5988370318410175E-003
        1020   1.3341639465095578E-003
        1021   4.6400454789507451E-003
        1022   2.7495442438352545E-003
        1023   3.7603167716770041E-003
        1024   4.7106241778173356E-003
        1025   2.3854768802508528E-003
        1026   2.3834641551358365E-003
        1027   1.3991348668259164E-003
        1028   1.7912018875178431E-003
        1029   1.6502186879522969E-003
        1030   2.3234893044107616E-003
        1031   2.5908748044045087E-003
        1032   2.3161389193298593E-003
        1033   2.6751456236102436E-003
        1034   1.3251792739216418E-003
        1035   2.4618978216357748E-003
        1036   2.1914370808871733E-003
        1037   1.1576948926623450E-003
        1038   6.2361844067629043E-004
        1039   3.3042479899844928E-004
        1040   7.7999846399987439E-004
        1041   1.4318326277193252E-003
        1042   1.9722981811329374E-004
        1043   1.4353613144187699E-003
        1044   4.6303337880631971E-004
        1045   1.4766506275467506E-003
        1046   1.9173163729802876E-003
        1047   1.0626000304312189E-003
        1048   1.1525616430896784E-003
        1049   1.5843099397234903E-003
        1050   2.8100009083893568E-003
        1051   2.2228001907569198E-003
        1052   2.8288513139233316E-003
        1053   2.3347256173107153E-003
        1054   1.7315884707218448E-003
        1055   2.6919307621411153E-003
        1056   2.3485320651540696E-003
        1057   1.7824251802259496E-003
        1058   2.3732051580729343E-003
        1059   2.6966646953662039E-003
        1060   2.3978250871447599E-003
        1061   4.2331319651183379E-003
        1062   8.0774576845853603E-003
        1063   3.7490545241821087E-003
        1064   4.7355478284145111E-003
        1065   2.5573812893181385E-003
        1066   1.7987766122393887E-003
        1067   1.6770518417755548E-003
        1068   5.8703466404774760E-003
        1069   1.8027765607530713E-004
        1070   2.2489094286851441E-003
        1071   4.0199529485842559E-004
        1072   1.0488093851606024E-003
        1073   6.1000019598812783E-004
        1074   2.1114230418597777E-003
        1075   1.6093771970661424E-003
        1076   7.5000038400200176E-004
        1077   2.4622127635143872E-003
        1078   7.8251139170723086E-003
        1079   4.4238452244604572E-003
        1080   6.5264763318889077E-003
        1081   4.8615753609115740E-003
        1082   9.8754274218157811E-003
        1083   4.7983440776461087E-003
        1084   1.0383280687011226E-002
        1085   3.7770874566986283E-003
        1086   3.8262759929385856E-003
        1087   2.6248948279609951E-004
        1088   1.4213024890721668E-003
        1089   2.8879721577737601E-003
        1090   1.6205259098558506E-003
        1091   2.2759819296019040E-003
        1092   2.8640444877987923E-003
        1093   2.4947930653228729E-003
        1094   1.0536127531500512E-003
        1095   8.6797725066754226E-003
        1096   1.3049515188551081E-003
        1097   1.6415254037094415E-002
        1098   3.5592838540807116E-002
        1099   9.2249667567603586E-003
        1100   1.6927565338200973E-002
        1101   4.4076723957553977E-003
        1102   2.7803774889607936E-002
        1103   3.4187878187108703E-003
        1104   1.7578679232114720E-002
        1105   6.0275692500849571E-003
        1106   1.7202905338848287E-002
        1107   7.1015797773580497E-003
        1108   1.7927913182406198E-002
        1109   1.0285277644005915E-002
        1110   6.7291381500140579E-002
        1111   2.2994652991029305E-002
        1112   5.0726325381323732E-002
        1113   2.5519723512903145E-002
        1114   2.5608784568702563E-002
        1115   3.3729668741664456E-003
        1116   6.0108220870267138E-003
        1117   9.9055984258322790E-003
        1118   4.8836463014920086E-003
        1119   4.8953947061897716E-003
        1120   1.0486659099392585E-002
        1121   1.9511415782238768E-003
        1122   1.4065556788464063E-003
        1123   1.0752212720511096E-003
        1124   1.2382986773631021E-003
        1125   1.8363292859575576E-003
        1126   7.2672183005496336E-003
        1127   2.5643898750826823E-003
        1128   2.8089128335077409E-003
        1129   8.1181513044140501E-003
        1130   3.6440090026181246E-002
        1131   3.6289114810952462E-002
        1132   1.2367168695633170E-002
        1133   9.3673475476376750E-002
        1134  0.21334554088212884     
        1135   4.1423303186229811E-002
        1136   7.0678003003007417E-002
        1137   4.8420245921738346E-002
        1138  0.42210260687949402     
        1139   9.7716837042454346E-002
        1140  0.26668320414672242     
        1141  0.18595496911131520     
        1142  0.18603059036567496     
        1143   1.1808896437083122E-002
        1144   1.2303659730432346E-002
        1145   6.7291381500135874E-002
        1146   1.0340697072920841E-002
        1147   2.2987170078630999E-002
        1148   5.0802855143955439E-002
        1149   7.9025307554257372E-003
        1150   2.5495110621431370E-003
        1151   4.4395943062210189E-003
        1152   6.6377713387553178E-003
        1153   1.4148758857375086E-004
        1154   1.4065556788450887E-003
        1155   1.3595582902452246E-003
        1156   4.5828879592984829E-004
        1157   4.2511784844023771E-003
        1158   4.8738177646687588E-003
        1159   6.4429859775339262E-003
        1160   1.7972209957362677E-003
        1161   1.7362593766784232E-002
        1162   2.1745115870588735E-002
        1163   3.4150257347228874E-002
        1164   6.7293674726164009E-003
        1165   3.8199608165527504E-002
        1166  0.36381430627463290     
        1167  0.30078021874642025     
        1168  0.10529980991032414     
        1169   1.1445529002339909E-003
        1170  0.94070227686683061     
        1171  0.29613632104704218     
        1172  0.16348308940329856     
        1173  0.42218943706837875     
        1174   4.8520204250689557E-002
        1175   9.7808180899342623E-002
        1176  0.26668320414672370     
        1177   1.7266150498570759E-002
        1178   5.9682491915764484E-003
        1179   7.1728648916087497E-003
        1180   1.8016105934186545E-002
        1181   2.2203582719211752E-003
        1182   7.0710714322165806E-004
        1183   1.6278828930834514E-003
        1184   7.8740119055046589E-004
        1185   5.0993640101272011E-004
        1186   1.2272339131687976E-003
        1187   3.6891698170695380E-004
        1188   8.2655677440000483E-004
        1189   3.1320861414398381E-004
        1190   5.5052344702140009E-003
        1191   1.7461118389490780E-003
        1192   3.0739067627027590E-003
        1193   2.1578006679834195E-003
        1194   6.2159552661825143E-002
        1195   5.9700416956375547E-002
        1196   2.6539215815853771E-002
        1197  0.17103362315641302     
        1198  0.17094914517266274     
        1199   4.9497477217329160E-002
        1200   1.4778699333555122E-002
        1201  0.36376104715926944     
        1202   3.8156782655078096E-002
        1203  0.30072223059077385     
        1204  0.10524001121583476     
        1205  0.21329793670781363     
        1206   9.3597061921117219E-002
        1207   4.1426320704525330E-002
        1208   7.0621456400882979E-002
        1209   2.7803774889605413E-002
        1210   4.3046464329410880E-003
        1211   3.3481355228006386E-003
        1212   1.7613913936722625E-002
        1213   2.2022726821150857E-003
        1214   1.4142142864777553E-004
        1215   4.0000020479978533E-004
        1216   9.8995000051624663E-004
        1217   1.3916117752914565E-003
        1218   2.7440125118800120E-003
        1219   2.5490380720943123E-003
        1220   2.2365250017450577E-003
        1221   4.2524817182321862E-003
        1222   9.6856381203930027E-003
        1223   1.2008282641897058E-002
        1224   5.4974998993191125E-003
        1225   2.4449337950251337E-002
        1226   2.4442995848072035E-002
        1227   7.4249571524358663E-003
        1228   4.0800601627884918E-003
        1229   6.2018142330841138E-002
        1230   2.0248467098488770E-003
        1231   5.9645199152051652E-002
        1232   2.6401703970318425E-002
        1233   2.1745115870586605E-002
        1234   1.7402585249494125E-002
        1235   3.4150257649479460E-002
        1236   6.7096947413803820E-003
        1237   3.6440090026182231E-002
        1238   8.1596569220456407E-003
        1239   3.6289114810952462E-002
        1240   1.2433020844984089E-002
        1241   3.5598457201913881E-002
        1242   1.6420111094735845E-002
        1243   9.1831373111162743E-003
        1244   1.6955824032303356E-002
        1245   1.8439077363472970E-003
        1246   2.5631994157280283E-003
        1247   1.6970541026138047E-003
        1248   5.8898221158852244E-003
        1249   2.3644874068871639E-003
        1250   1.7240948476922257E-003
        1251   2.6755183619171026E-003
        1252   2.3479074435434899E-003
        1253   3.8363514119754598E-003
        1254   3.8094745904274510E-003
        1255   1.9173163729822205E-003
        1256   1.2806335632802764E-004
        1257   9.6934234157387746E-003
        1258   4.1617299049305084E-003
        1259   1.1916794178516881E-002
        1260   5.4415894927501507E-003
        1261   5.4708317765847737E-003
        1262   4.0000020479978533E-004
        1263   1.7233696763238086E-003
        1264   3.0999987778054798E-003
        1265   4.8836455089049562E-003
        1266   4.3011616109913586E-003
        1267   6.4505814715383200E-003
        1268   1.7972209957378513E-003
        1269   7.2993155918946598E-003
        1270   1.9209382547465364E-003
        1271   2.5729346253352682E-003
        1272   2.7820869730759228E-003
        1273   1.0440311854345049E-003
        1274   2.4738615126934840E-003
        1275   8.5988370318413852E-003
        1276   1.3341639465095578E-003
        1277   8.0721740058166350E-003
        1278   4.1773172978268438E-003
        1279   3.7603167716774269E-003
        1280   4.7106241778175038E-003
        1281   1.7029951407241399E-003
        1282   1.6944021035678843E-003
        1283   9.9882424807091401E-004
        1284   1.4659252678417842E-003
        1285   1.0348487413387034E-003
        1286   2.3820166308609844E-003
        1287   1.4720806823195658E-003
        1288   1.4942557504704021E-003
        1289   3.3615541767945687E-003
        1290   2.0140504460491905E-003
        1291   3.7784782696117514E-003
        1292   2.5223001405689279E-003
        1293   2.2491357991201756E-003
        1294   7.4672720973665706E-004
        1295   2.2358065853647375E-003
        1296   1.9177056045684741E-003
        1297   3.4525732183336700E-004
        1298   1.1694453194579714E-003
        1299   1.2249251162996008E-003
        1300   1.2338968996804854E-003
        1301   9.3228438783321522E-004
        1302   2.5172209942631481E-003
        1303   2.0611345459089830E-003
        1304   2.1720027280736497E-003
        1305   2.0611439336665240E-003
        1306   2.6569915664275607E-003
        1307   3.1506522116939452E-003
        1308   2.6144970688460624E-003
        1309   3.0242989061989218E-003
        1310   1.5925140208964098E-003
        1311   1.8667108184135311E-003
        1312   1.5863161451990309E-003
        1313   1.6456034886931840E-003
        1314   3.0415939820668618E-003
        1315   1.8501901547086149E-003
        1316   1.6375602032470736E-003
        1317   2.7710306184732109E-003
        1318   4.6446201999242364E-003
        1319   2.6130816190193841E-003
        1320   3.1031617137741111E-003
        1321   3.0566818052014180E-003
        1322   4.2193008332286740E-003
        1323   2.5681892892726764E-003
        1324   4.0286581327522242E-003
        1325   1.1841030375712672E-003
        1326   8.0255627989766652E-004
        1327   1.2469585934947968E-003
        1328   3.5233647119730163E-003
        1329   1.0356162890957348E-003
        1330   4.1157743573066018E-003
        1331   2.4361672885239928E-003
        1332   3.4103378302581047E-003
        1333   3.5938278434652754E-003
        1334   9.5561492768922764E-003
        1335   4.3150900678605953E-003
        1336   7.5299135444473588E-003
        1337   4.8682652151918263E-003
        1338   1.5516449754752180E-003
        1339   8.7686889466708927E-004
        1340   1.5280386808952941E-003
        1341   6.0835768742630470E-004
        1342   6.5337481105905712E-004
        1343   1.1384640012364665E-003
        1344   4.0000665599329406E-005
        1345   2.7148857410279150E-003
        1346   2.1266181206419073E-003
        1347   3.1804553230966180E-003
        1348   2.6781378786948744E-003
        1349   5.1692554136845356E-003
        1350   9.5166646222921286E-003
        1351   5.2473712266975564E-003
        1352   5.3161621823883346E-003
        1353   7.9833389782485720E-003
        1354   1.4756695443628884E-002
        1355   6.6249516939517628E-003
        1356   9.2049119220045973E-003
        1357   7.0224572023934997E-003
        1358   1.3361512285956686E-002
        1359   5.5120307848212360E-003
        1360   9.8508883513501438E-003
        1361   7.7370268316419473E-003
        1362   3.3337964972318036E-002
        1363   1.0951254232723537E-002
        1364   2.3649524373277903E-002
        1365   1.9041910358750781E-002
        1366   5.4653436815788204E-003
        1367   2.3442699397346737E-003
        1368   5.9715995913440052E-003
        1369   2.9887099493065361E-003
        1370   2.9966634407755694E-003
        1371   1.1819048969383121E-003
        1372   2.7586242572424872E-003
        1373   1.5877331826212948E-003
        1374   4.9406460820587512E-003
        1375   9.1847377600042413E-004
        1376   1.5264345337812004E-003
        1377   2.6024591681007162E-003
        1378   9.9302598646586562E-004
        1379   2.1124640990087180E-003
        1380   2.2110051485960641E-003
        1381   8.8634185744470260E-004
        1382   1.7445919591325689E-003
        1383   1.0035582214035513E-002
        1384   1.7245581576646896E-003
        1385   1.9288794805864356E-002
        1386   4.0135395824671946E-002
        1387   1.5317312878242548E-002
        1388   1.9849221748993454E-002
        1389   2.3910458225732151E-002
        1390   3.9491391944884831E-002
        1391   1.2675174288082326E-002
        1392   1.8961538468684477E-002
        1393   6.6772072566749816E-002
        1394   9.0172889612247439E-002
        1395   3.4552714827781210E-002
        1396   3.5169445677220031E-002
        1397   1.1233876368853753E-002
        1398   1.1139568097563496E-002
        1399   4.5254811549562991E-003
        1400   1.4142097247595163E-003
        1401   5.4653436815813626E-003
        1402   1.9088214001815245E-002
        1403   2.3958297251043628E-003
        1404   5.9211486816384768E-003
        1405   9.6296388300596645E-003
        1406   3.6414275867813622E-003
        1407   4.4226669117719900E-003
        1408   7.5709989532112493E-003
        1409   1.2151405448251164E-003
        1410   3.8222996956199519E-004
        1411   1.2712604730247394E-003
        1412   1.2756759423420820E-003
        1413   1.0965420216530698E-003
        1414   1.1160652822226186E-003
        1415   3.1121679462760466E-003
        1416   2.6324878458525744E-003
        1417   5.2682902948123101E-003
        1418   5.2419174425534218E-002
        1419   5.0269872271510169E-002
        1420   2.4355124810413097E-002
        1421  0.12792580021037392     
        1422   7.5987761104170992E-002
        1423   4.9521812546450161E-002
        1424   3.7647177880766242E-002
        1425   6.4313994476446687E-002
        1426   6.4297277427631000E-002
        1427   2.3122498018573259E-002
        1428   1.0323759729402795E-002
        1429   9.0184810372559432E-002
        1430   6.6699772639333105E-002
        1431   3.4552714827780558E-002
        1432   3.5169445677221731E-002
        1433   3.3337964972315358E-002
        1434   7.7704564088144920E-003
        1435   1.1013626561108821E-002
        1436   2.3573502101754698E-002
        1437   4.1109602383460203E-003
        1438   1.0816659364523322E-003
        1439   2.5139597389940804E-003
        1440   3.4249084394938345E-003
        1441   7.9776106041895068E-004
        1442   2.2940151239255174E-003
        1443   2.3178665840471687E-003
        1444   2.0044864730991633E-003
        1445   2.4353435518803734E-003
        1446   1.3400092417159865E-002
        1447   1.3551751809390769E-002
        1448   6.9655998003631285E-003
        1449   2.8268402261069862E-002
        1450   1.5448626263598943E-002
        1451   1.8503514861466768E-002
        1452   9.7666559764631646E-003
        1453   3.1796229262570731E-002
        1454   3.1698267957870445E-002
        1455   2.6516598466722097E-002
        1456   1.3293605169259766E-002
        1457   7.5987761104167106E-002
        1458  0.12785108661865996     
        1459   4.9521812546450966E-002
        1460   3.7606116530586861E-002
        1461   3.9491391944886822E-002
        1462   2.3891002747003558E-002
        1463   1.2766755459949892E-002
        1464   1.9016307246517601E-002
        1465   1.3441726530630948E-002
        1466   7.0356231616190727E-003
        1467   5.5982125458182925E-003
        1468   9.9100959563313395E-003
        1469   8.1240108006063393E-004
        1470   1.2649086516301079E-003
        1471   1.3601449014580299E-003
        1472   3.5679127544521547E-003
        1473   2.0645110003953394E-003
        1474   3.4377901828682132E-003
        1475   3.8118766171530722E-003
        1476   2.5557038561910333E-003
        1477   6.5374611407655282E-003
        1478   3.4484217946371739E-003
        1479   5.0841804015437060E-003
        1480   2.6557288186895276E-003
        1481   7.1428285706536766E-003
        1482   7.0299364216758944E-003
        1483   6.6468025846298830E-003
        1484   3.0621726530926942E-003
        1485   1.5435350757677234E-002
        1486   2.8304594459605679E-002
        1487   1.8394566046726728E-002
        1488   9.6685026490752717E-003
        1489   5.2419174425535731E-002
        1490   5.2735183299531911E-003
        1491   5.0202490520761235E-002
        1492   2.4348101085093169E-002
        1493   4.0176361202040198E-002
        1494   1.9259285498325014E-002
        1495   1.5327102600204442E-002
        1496   1.9805552978933775E-002
        1497   1.4713601182600268E-002
        1498   8.0062461804558359E-003
        1499   6.6947729800495830E-003
        1500   9.1940189245287955E-003
        1501   4.2497034939219368E-003
        1502   3.0724565127495298E-003
        1503   2.6019194834596060E-003
        1504   4.0632503440886187E-003
        1505   2.4390298791460460E-003
        1506   1.0746620033781824E-003
        1507   1.5516445597112195E-003
        1508   1.5156203532332405E-003
        1509   1.5192412886259115E-003
        1510   1.5047942981716667E-003
        1511   1.2657374298109551E-003
        1512   1.0049906446724072E-004
        1513   3.4226304083998208E-003
        1514   6.4791963677477641E-003
        1515   5.0734600941933702E-003
        1516   2.6419688503250827E-003
        1517   1.3304887750439715E-002
        1518   2.4103953927579053E-003
        1519   1.3479615683447327E-002
        1520   6.9361353638480510E-003
        1521   1.1045366672426545E-003
        1522   1.1445529002365349E-003
        1523   3.0430263689703108E-003
        1524   2.6324878458527006E-003
        1525   1.7804473943857997E-003
        1526   8.3066281159122036E-004
        1527   1.0016987064461046E-002
        1528   1.7146404997942755E-003
        1529   9.4625590593353029E-003
        1530   5.1565474951498725E-003
        1531   5.2668768386892615E-003
        1532   5.3225909268632392E-003
        1533   4.6400454789514304E-003
        1534   2.7495442438348694E-003
        1535   2.6248793443691418E-003
        1536   3.0757084699288145E-003
        1537   1.1795850607834136E-003
        1538   1.1635274202196817E-003
        1539   5.7886814329665575E-004
        1540   1.0402551358638635E-003
        1541   6.2219220297721428E-004
        1542   1.5223994513927895E-003
        1543   9.1364569392717119E-004
        1544   9.6337935220598974E-004
        1545   1.9748258976897623E-003
        1546   2.5572633130159176E-003
        1547   2.2907307258315801E-003
        1548   1.6898834073687009E-003
        1549   3.8193095882805873E-003
        1550   1.8639740817426860E-003
        1551   3.5477571848497712E-003
        1552   2.4795966216467689E-003
        1553   2.3518853819561565E-003
        1554   1.7900835457953497E-003
        1555   2.4271574998244380E-003
        1556   1.6945810477780009E-003
        1557   2.1956541541437594E-003
        1558   2.3705684360527169E-003
        1559   2.9573541162851917E-003
        1560   1.9153059459436912E-003
        1561   3.1601237392651148E-003
        1562   1.6222209501213980E-003
        1563   1.9202210717054692E-003
        1564   1.5691094017384174E-003
        1565   1.9228498634613379E-003
        1566   1.2980362574174899E-003
        1567   1.3034785275820484E-003
        1568   1.2954152014920750E-003
        1569   1.3494552524232538E-003
        1570   1.9142888541409980E-003
        1571   1.2539952913513961E-003
        1572   1.2954875983020040E-003
        1573   1.7425543394638671E-003
        1574   2.8107110821300224E-003
        1575   1.6469986946446868E-003
        1576   1.7818242662987534E-003
        1577   2.4470596160333312E-003
        1578   3.4658483899575850E-003
        1579   2.3536350846624600E-003
        1580   2.4912824075297227E-003
        1581   2.2913737891647737E-003
        1582   2.5079885248894709E-003
        1583   1.6505754313405709E-003
        1584   2.6073176143375973E-003
        1585   1.8345585777785705E-003
        1586   3.8706060925062001E-003
        1587   1.6705958471428749E-003
        1588   3.0344861706085844E-003
        1589   3.3073236898420364E-003
        1590   1.0594815474776992E-003
        1591   6.1773555570506877E-004
        1592   9.7596156449108822E-004
        1593   8.1828985440992881E-004
        1594   1.9899804317172101E-004
        1595   1.0000005120018457E-003
        1596   2.3323753139232412E-004
        1597   1.0160703426379824E-003
        1598   9.6519513606732946E-004
        1599   1.1034514802057344E-003
        1600   7.2862781457105061E-004
        1601   1.6431835998234423E-003
        1602   3.1702363881687553E-003
        1603   1.8912694486741262E-003
        1604   1.5726072258700895E-003
        1605   3.1784421865207512E-003
        1606   5.3193604511379165E-003
        1607   2.7201466166622348E-003
        1608   3.0003983832767034E-003
        1609   4.5428756145504947E-003
        1610   6.6075703066130380E-003
        1611   3.3079459924991324E-003
        1612   3.8729966550394880E-003
        1613   4.6499035993911820E-003
        1614   5.4781379951357716E-003
        1615   2.6723780657091850E-003
        1616   3.3060543045003495E-003
        1617   8.6143418152399859E-003
        1618   1.4714956834697002E-002
        1619   6.0491623097354615E-003
        1620   7.5524848522280346E-003
        1621   2.7276337152352666E-003
        1622   2.1656418915777208E-003
        1623   8.3570191815095013E-004
        1624   2.9274554186468809E-003
        1625   1.0624967892044655E-003
        1626   1.0198044248570888E-003
        1627   9.9993600009746352E-006
        1628   7.0710714322671175E-004
        1629   2.8705293527844333E-004
        1630   8.8317215609177622E-004
        1631   9.3813726790966528E-004
        1632   2.8284285729180769E-004
        1633   2.4121377398936780E-003
        1634   2.2422296019175992E-003
        1635   2.9830183290340769E-003
        1636   1.9591687020768123E-003
        1637   5.4410386645852614E-003
        1638   1.0143254119001377E-002
        1639   4.6521524224733407E-003
        1640   5.2040856770169666E-003
        1641   8.4154620907955120E-003
        1642   1.0959473664209695E-002
        1643   4.0274054520478232E-003
        1644   6.5469449923909739E-003
        1645   6.8498154662673429E-003
        1646   1.9772200940464325E-002
        1647   9.0570405765404739E-003
        1648   6.6007588594509028E-003
        1649   1.6143420304836297E-002
        1650   7.7278727529059565E-003
        1651   4.4452219629790646E-003
        1652   6.0876929167259231E-003
        1653   3.9496855538652311E-003
        1654   3.9255592951636369E-003
        1655   1.4142142864590385E-004
        1656   2.4041642869653919E-003
        1657   2.2226122150680021E-003
        1658   2.7586232048974119E-003
        1659   8.0622458727453296E-004
        1660   2.8600690251827259E-003
        1661   1.1045346230199368E-003
        1662   3.3778663921476722E-003
        1663   6.4030821780098842E-004
        1664   9.5393968983434536E-004
        1665   1.8337364700288061E-003
        1666   2.3953276007170634E-003
        1667   2.4798393601648335E-003
        1668   1.7413919436739542E-003
        1669   3.4838054355585697E-003
        1670   1.1854600123911051E-002
        1671   1.0215793666628710E-002
        1672   5.8653293770845561E-003
        1673   2.2461077427888977E-002
        1674   1.7699718701348514E-002
        1675   2.2405367973955125E-003
        1676   8.9115712143167294E-003
        1677   1.2338556606463640E-002
        1678   8.2449988714203455E-003
        1679   6.0844063384581214E-003
        1680   2.5806974015598113E-003
        1681   1.2786320349125118E-002
        1682   1.2786321156388144E-002
        1683   4.2426428593396811E-004
        1684   8.4852857186980789E-004
        1685   7.7278714172343780E-003
        1686   1.6143420304839083E-002
        1687   4.3977265166440099E-003
        1688   6.0876929167245327E-003
        1689   1.4640353605518807E-002
        1690   8.6382870331599207E-003
        1691   6.0646502642413514E-003
        1692   7.4866565587984419E-003
        1693   3.8910145482127260E-003
        1694   1.8788279812272882E-003
        1695   1.6673296041792057E-003
        1696   3.0265507396805072E-003
        1697   1.9550756728007406E-003
        1698   3.9051765749667827E-003
        1699   3.5872555549638571E-003
        1700   2.5155004551233977E-003
        1701   6.8635338896823874E-003
        1702   5.6877150766342565E-003
        1703   5.2816789031869460E-003
        1704   3.4429788673609359E-003
        1705   9.7006437721200798E-003
        1706   7.3979695940556960E-003
        1707   6.1798046018035537E-003
        1708   4.1255294883249666E-003
        1709   1.2377397276519549E-002
        1710   1.2290238501732874E-002
        1711   2.8284285728806432E-004
        1712   6.0108220870314028E-003
        1713   8.2686157332401769E-003
        1714   1.2389107303023677E-002
        1715   6.0860496639409244E-003
        1716   2.6286876363118671E-003
        1717   1.9775740935001469E-002
        1718   6.9086881610205550E-003
        1719   9.0570405765418478E-003
        1720   6.6648344124912362E-003
        1721   5.5767370715138756E-003
        1722   4.6829447457575656E-003
        1723   2.7622468776560432E-003
        1724   3.3823061572574834E-003
        1725   2.6000013312011496E-003
        1726   2.3043415446872984E-003
        1727   1.6431667470890184E-003
        1728   2.6570674115405008E-003
        1729   2.6509499105933092E-003
        1730   2.0412987854906664E-003
        1731   2.3166574974408560E-003
        1732   1.7642225314402266E-003
        1733   3.3648305093814481E-003
        1734   2.1730374573651489E-003
        1735   2.6570831918912661E-003
        1736   1.5628185036208452E-003
        1737   4.1027293542665209E-003
        1738   4.1388395748759368E-003
        1739   3.9597954403773634E-003
        1740   2.3621147902919640E-003
        1741   7.3979724717314586E-003
        1742   9.6156117267355012E-003
        1743   6.1065525986445839E-003
        1744   4.1340045513695743E-003
        1745   1.7652479742005088E-002
        1746   2.2461077427889914E-002
        1747   2.2405367973973435E-003
        1748   8.9067409744113552E-003
        1749   1.0960386079742703E-002
        1750   8.3999989247996541E-003
        1751   4.0938955819012600E-003
        1752   6.5490462776985840E-003
        1753   6.6075703066141786E-003
        1754   4.5453295981489270E-003
        1755   3.3391626048693158E-003
        1756   3.8509741155215663E-003
        1757   3.5341206712658792E-003
        1758   2.5019963561948751E-003
        1759   2.3853696586327820E-003
        1760   2.5079840234289411E-003
        1761   1.5683962462870865E-003
        1762   6.7742065291290698E-004
        1763   9.7590898303535336E-004
        1764   1.0027602685900537E-003
        1765   9.2135792751917218E-004
        1766   9.2092328363108144E-004
        1767   1.1243207804194244E-003
        1768   2.2360691223298812E-004
        1769   2.1476742590993045E-003
        1770   3.2802402628114798E-003
        1771   2.6589454886647552E-003
        1772   1.5780996888146088E-003
        1773   5.6833094214722678E-003
        1774   6.7594371079209205E-003
        1775   5.2867786619836639E-003
        1776   3.4481864213184565E-003
        1777   1.1825818691850646E-002
        1778   3.4568760808066108E-003
        1779   1.0200000668611162E-002
        1780   5.7982741240218561E-003
        1781   1.0112369344142728E-002
        1782   5.3823771571439635E-003
        1783   4.6529584319669366E-003
        1784   5.1749377748982603E-003
        1785   5.3422853210862396E-003
        1786   3.2542242335987328E-003
        1787   2.7386087717163341E-003
        1788   3.0594092681521983E-003
        1789   2.8248855721999182E-003
        1790   1.6911543184014886E-003
        1791   1.6583132442363876E-003
        1792   1.7146436978492912E-003
        1793   7.5610507234874882E-004
        1794   7.3245999640853584E-004
        1795   3.3313113322756008E-004
        1796   7.7373363171183939E-004
        1797   3.4318333725883121E-004
        1798   1.0183316989517141E-003
        1799   7.1447783941232116E-004
        1800   6.2617858032925158E-004
        1801   1.3246646148241073E-003
        1802   1.8466194767298866E-003
        1803   1.6361372703715918E-003
        1804   1.2753443257857546E-003
        1805   2.2055898108217769E-003
        1806   1.9831542426345639E-003
        1807   1.8377434776573520E-003
        1808   1.7677385553678464E-003
        1809   2.8082949852304574E-003
        1810   1.2856509694943845E-003
        1811   1.8923934914269267E-003
        1812   1.1990005950265523E-003
        1813   2.5092176100846198E-003
        1814   1.4000007167997213E-003
        1815   1.3809421060584773E-003
        1816   1.0222022648227727E-003
        1817   1.6686369227364277E-003
        1818   1.2676353578402470E-003
        1819   1.2152578517830965E-003
        1820   1.1558980591173714E-003
        1821   1.2486184277013734E-003
        1822   1.0231806455722921E-003
        1823   8.6650498119221150E-004
        1824   1.0109897425672988E-003
        1825   1.0389280506849826E-003
        1826   1.2737342851817104E-003
        1827   8.8294979122492895E-004
        1828   1.0576065398870886E-003
        1829   1.0751741149306780E-003
        1830   1.5778468856715040E-003
        1831   1.0772203660927289E-003
        1832   1.1007282055669845E-003
        1833   1.5996871391733040E-003
        1834   2.0958039019113701E-003
        1835   1.6554169671234664E-003
        1836   1.3901445891998103E-003
        1837   1.9499741860372491E-003
        1838   1.7064886608772461E-003
        1839   1.3638188679711068E-003
        1840   1.6763063196937678E-003
        1841   1.0062311050612215E-003
        1842   2.2190319592025397E-003
        1843   5.6780348239972344E-004
        1844   1.3881281382259315E-003
        1845   1.8867917218413980E-004
        1846   3.0016686006250671E-004
        1847   7.7227074746848861E-004
        1848   5.5461754808455374E-004
        1849   9.5020950265956537E-004
        1850   7.9397900369744068E-004
        1851   1.0482860862664934E-003
        1852   7.7485602110352093E-004
        1853   1.0677083718689646E-003
        1854   1.0020479589985417E-003
        1855   9.8290481713772721E-004
        1856   9.6208112768936141E-004
        1857   1.2403925526784057E-003
        1858   1.6992943627282401E-003
        1859   1.2085108721075800E-003
        1860   1.1912509899750122E-003
        1861   1.6524215728641904E-003
        1862   2.2744004287881892E-003
        1863   1.2896496149311962E-003
        1864   1.3254823366518689E-003
        1865   2.0969739518535784E-003
        1866   2.1656386148083237E-003
        1867   1.6092244956819113E-003
        1868   1.4499668643080975E-003
        1869   2.1059215680907769E-003
        1870   4.1569222042095507E-003
        1871   2.0855691238863489E-003
        1872   2.0591270824716493E-003
        1873   3.3816585766775513E-003
        1874   2.4596760346035748E-003
        1875   1.1943195077507298E-003
        1876   1.8248296934017904E-003
        1877   1.5432445627998758E-003
        1878   6.0000030719791332E-004
        1879   5.4000032426771696E-004
        1880   6.4807440165722105E-004
        1881   3.0805903351417636E-004
        1882   2.2360546972354173E-004
        1883   7.8746427027727136E-004
        1884   5.0000025600145214E-004
        1885   7.7466202096527397E-004
        1886   8.6602584718966822E-004
        1887   1.0020479589990699E-003
        1888   7.1414320849883645E-004
        1889   1.4459217580932938E-003
        1890   2.5491955258696284E-003
        1891   1.3656131035329603E-003
        1892   1.0671953535335947E-003
        1893   2.5362366342620000E-003
        1894   3.6197912717736997E-003
        1895   1.4397573519143083E-003
        1896   1.7095329750094739E-003
        1897   2.5969996863202806E-003
        1898   2.0346970246412862E-003
        1899   1.6155502693008393E-003
        1900   9.7180119408974504E-004
        1901   3.4190635914787995E-003
        1902   3.4727501552751791E-003
        1903   2.0223758770700111E-003
        1904   1.6401227864250099E-003
        1905   3.4146736025354395E-003
        1906   9.4868378377655068E-004
        1907   7.8740119054979368E-004
        1908   1.0488093851590882E-003
        1909   1.0440311854360261E-003
        1910   1.0440311854332373E-003
        1911   1.0000005119796109E-004
        1912   1.0000005119796109E-004
        1913   5.3851675642979018E-004
        1914   1.5000007679981803E-003
        1915   5.4772283794244606E-004
        1916   6.4807440165456616E-004
        1917   2.2360691223801909E-004
        1918   2.0000010239592218E-004
        1919   7.8740119055181062E-004
        1920   4.8989819938628364E-004
        1921   1.3371060735216196E-003
        1922   2.8440111563214337E-003
        1923   1.9397174672595369E-003
        1924   1.2311848574278565E-003
        1925   4.6711883985486816E-003
        1926   4.4904454543372614E-003
        1927   1.1357822506813493E-003
        1928   2.1367259439353794E-003
        1929   1.4763474412951630E-003
        1930   1.1832165624287663E-003
        1931   9.9498794654065133E-004
        1932   1.0307769341658278E-003
        1933   2.5416516416542322E-003
        1934   1.0049880766610333E-003
        1935   9.6953646788611831E-004
        1936   6.0000030719923681E-004
        1937   1.6155502693008395E-003
        1938   1.6062386628138958E-003
        1939   1.4142142864590385E-004
        1940   2.8284285728993598E-004
        1941   9.1651560824844891E-004
        1942   3.4146736025369895E-003
        1943   8.0622618761611617E-004
        1944   1.0049880766665642E-003
        1945   2.4819359999442214E-003
        1946   3.3541014716676242E-003
        1947   1.1789832158935680E-003
        1948   1.8248296934012828E-003
        1949   2.1470921546669014E-003
        1950   9.8995000051651399E-004
        1951   5.7445655877337413E-004
        1952   1.3453630935375616E-003
        1953   2.0874966030141502E-003
        1954   2.3059930224335126E-003
        1955   1.8614243973218252E-003
        1956   1.8784834073898957E-003
        1957   3.0555032529082328E-003
        1958   2.6126803954054654E-003
        1959   2.1489774777652590E-003
        1960   1.9365191639111714E-003
        1961   3.4891420428700966E-003
        1962   3.2155843711563232E-003
        1963   1.2083052160117482E-003
        1964   2.0808662700712716E-003
        1965   9.4868378377627172E-004
        1966   9.8488628444013109E-004
        1967   1.4142142864590385E-004
        1968   1.0630151255359244E-003
        1969   1.0049880766615600E-003
        1970   2.5199192357854960E-003
        1971   9.8995000051571168E-004
        1972   6.0000030719923681E-004
        1973   3.4727501552772365E-003
        1974   3.4597681257791642E-003
        1975   1.9697725688832186E-003
        1976   1.6401227864269465E-003
        1977   4.1569222042057308E-003
        1978   2.1213206694000709E-003
        1979   2.1424296254864399E-003
        1980   2.1118722894715261E-003
        1981   1.7029395084970074E-003
        1982   1.9621426916497080E-003
        1983   1.4594526991732989E-003
        1984   1.6763063196915573E-003
        1985   1.9571078444956475E-003
        1986   1.3828952694310121E-003
        1987   1.6549625602179873E-003
        1988   1.3224080938142179E-003
        1989   2.0090801500836134E-003
        1990   1.6278817042045617E-003
        1991   1.8484872006805356E-003
        1992   1.3038411486095060E-003
        1993   2.4087529889227108E-003
        1994   2.4515270476357480E-003
        1995   2.0518295034029021E-003
        1996   1.6900013195373710E-003
        1997   3.2155843711543478E-003
        1998   3.4842520619718627E-003
        1999   1.1180345611839402E-003
        2000   2.0808662700744513E-003
        2001   1.2369323209924280E-003
        2002   1.4696937202579631E-003
        2003   1.0862786052961146E-003
        2004   1.0440311854334908E-003
        2005   2.1213183885503252E-003
        2006   2.6419703154110219E-003
        2007   1.6155502693010030E-003
        2008   1.0049880766665642E-003
        2009   2.2135921439713608E-003
        2010   2.1586999370557789E-003
        2011   1.7146436978492912E-003
        2012   1.5165758652993450E-003
        2013   2.1470883988899251E-003
        2014   1.6062386628175212E-003
        2015   1.7464258138289890E-003
