           1   1.3880201066149751       0.78169118888866651     
           1   1.3880200966032425       0.78169118805372539     
           2   1.3829892099344649       0.77839517350821885     
           3   1.3729330872940317       0.77196454686725824     
           4   1.3579408209332713       0.76229601486991228     
           5   1.3381611104054660       0.74950271160242676     
           6   1.3136838505187980       0.73361352140768377     
           1   1.2845905312639421       0.71478661630979823     
           2   1.2513678732162956       0.69319148307614575     
           3   1.2138848164324898       0.66871464589872764     
           4   1.1727799032587429       0.64182801809772738     
           5   1.1281061153051652       0.61235467011654465     
           6   1.0805708657120017       0.58087510914121998     
           1   1.0300473571983670       0.54710264774566431     
           2  0.97717840617010121       0.51128849090298789     
           3  0.92262488134551268       0.47388319883170293     
           4  0.86667762598459763       0.43470128669646724     
           5  0.81022596660193646       0.39434665026457089     
           6  0.75404682354731356       0.35299216652329340     
           1  0.69868566106746888       0.31048628137400625     
           2  0.64564790979035891       0.26732198382172545     
           3  0.59626113902191313       0.22374477775413479     
           4  0.55214410792473567       0.18036724089084860     
           5  0.51513094073575239       0.13733653028048254     
           6  0.48657731560709083       0.12968543908992883     
           1  0.46836306687783352       0.13979244774575791     
           2  0.45789178806099534       0.14730034596473540     
           3  0.45645912580404674       0.15457884598490806     
           4  0.43729386121689467       0.15067040834289308     
           5  0.41472608095965457       0.14623767482097319     
           6  0.39334382816407981       0.14141134912480041     
           1  0.37326315342734256       0.13616156397029555     
           2  0.35503085724999800       0.13066740303583582     
           3  0.33826745585085621       0.12483985456031395     
           4  0.32307968878321780       0.11883278418744389     
           5  0.30962950305572212       0.11248942566961381     
           6  0.29758359119480843       0.10605253531385729     
           1  0.28700328153494647        9.9350535763342088E-002
           2  0.27595413208459857        9.2529027486698126E-002
           3  0.26432026347900150        8.5656910349728527E-002
           4  0.25361289518725472        7.8626637348801806E-002
           5  0.24393197451755289        7.1413509265583611E-002
           6  0.23426166151460712        6.4080636494864701E-002
