           1  0.37231282399323373        9.5735756061023303E-002
           1   1.1384594463945266       0.58331751459439929     
           1   1.3880201066149751       0.78169118888866651     
           1   1.1385956572256388       0.58328190825018811     
           1  0.37251300902257628        9.5675559067978019E-002
           1   1.0731515982293038       0.57697891155744241     
           2   1.0694191679480274       0.57460570591460680     
           3   1.0619937930050904       0.56997354703195469     
           4   1.0509015594290276       0.56299439765366099     
           5   1.0363560358030313       0.55385593460359650     
           6   1.0182175648756191       0.54244197634336899     
           1   1.3880200966032428       0.78169118805372551     
           2   1.3829892099344649       0.77839517350821863     
           3   1.3729330872940313       0.77196454686725824     
           4   1.3579408209332717       0.76229601486991228     
           5   1.3381611104054665       0.74950271160242676     
           6   1.3136838505187980       0.73361352140768377     
           1   1.0732864766636998       0.57694323551200144     
           2   1.0695210958078365       0.57455677214797440     
           3   1.0620775966216864       0.56989833884014351     
           4   1.0510668857562755       0.56297495063188518     
           5   1.0365155786343052       0.55385400863498757     
           6   1.0183989222039393       0.54243522767778474     
           1  0.99808092326995623       0.52985523310024063     
           2  0.97337772475616546       0.51420701856635143     
           3  0.94563876097604482       0.49650647714481227     
           4  0.91524565164073746       0.47702162350566363     
           5  0.88230379523722235       0.45579328605882352     
           6  0.84705979411612164       0.43294378875584677     
           1   1.2845905314081216       0.71478661635781049     
           2   1.2513678733476650       0.69319148313514578     
           3   1.2138848165076837       0.66871464591123664     
           4   1.1727799034365676       0.64182801815048884     
           5   1.1281061154309453       0.61235467016732337     
           6   1.0805708662470512       0.58087510934559194     
           1  0.99822115085111396       0.52984850002226802     
           2  0.97362906681077566       0.51425230892286022     
           3  0.94579260722094227       0.49648678323983270     
           4  0.91541797164025696       0.47700237784311400     
           5  0.88243875370944647       0.45582270790301571     
           6  0.84725127412447387       0.43294406813681147     
           1  0.81277763436756734       0.41078308330152830     
           2  0.77380792553297306       0.38487907259435705     
           3  0.73375135472360087       0.35784887264521009     
           4  0.69242579757066625       0.32942748265492439     
           5  0.65075174861659157       0.29997209999926477     
           6  0.60929811639382181       0.27023787345307698     
           1   1.0300473601103619       0.54710264894089455     
           2  0.97717840727515992       0.51128849125131648     
           3  0.92262488169592860       0.47388319902255749     
           4  0.86667762641858503       0.43470128684436254     
           5  0.81022596715061734       0.39434665041035355     
           6  0.75404682429038794       0.35299216672842676     
           1  0.81299310022687987       0.41081332855707364     
           2  0.77398961253601428       0.38490577311064927     
           3  0.73391869184225933       0.35785535037698984     
           4  0.69269767159820539       0.32947188964102242     
           5  0.65093816620424017       0.30000432433586621     
           6  0.60947459886116784       0.27026067749909871     
           1  0.57187043304119001       0.24253272893901290     
           2  0.53228733711140219       0.21154219226303947     
           3  0.49481766584877951       0.18018889124950715     
           4  0.46060833581020422       0.14888779785219219     
           5  0.43073472611462599       0.11784348335301066     
           6  0.40605668991913507       0.10854938056774370     
           1  0.69868566379501196       0.31048628212764656     
           2  0.64564791072598371       0.26732198398650042     
           3  0.59626113950095494       0.22374477802894061     
           4  0.55214410790804780       0.18036724065143980     
           5  0.51513094083065625       0.13733653021519032     
           6  0.48657731592523706       0.12968484218820897     
           1  0.57210174543824133       0.24258133053203951     
           2  0.53246873275058049       0.21159214192891851     
           3  0.49501209723624706       0.18024459441076371     
           4  0.46075298530222303       0.14890293423932746     
           5  0.43087369653706686       0.11785080390061491     
           6  0.40618250013026541       0.10861504062011218     
           1  0.38860028483106068       0.11462563961466750     
           2  0.37487571534037267       0.12006887893076805     
           3  0.36789860535090818       0.12521014852579429     
           4  0.36708309984458098       0.13012520941206912     
           5  0.34933084966372213       0.12594596591826704     
           6  0.33346176484975038       0.12143811482516184     
           1  0.46836306651570664       0.13979194971803133     
           2  0.45789178862710372       0.14729994824498038     
           3  0.45645915190400471       0.15457862825509622     
           4  0.43729386092613021       0.15067019404553486     
           5  0.41472608200554623       0.14623755022298901     
           6  0.39334382855563266       0.14141120770221646     
           1  0.38871367919826799       0.11468714597984414     
           2  0.37493360808982895       0.12012827747224070     
           3  0.36797364606758165       0.12526156075572972     
           4  0.36718954385807245       0.13016887064572413     
           5  0.34942391533070327       0.12596224955932156     
           6  0.33352888841196754       0.12144711360979812     
           1  0.31801731936289457       0.11691057082570812     
           2  0.30205472241455061       0.11174001891508116     
           3  0.28712528538250975       0.10626982969717402     
           4  0.27365184673256071       0.10057111590007087     
           5  0.26167326006543801        9.4578753439199720E-002
           6  0.25074594552253870        8.8344842614351382E-002
           1  0.37326315469492505       0.13616173157967124     
           2  0.35503086110643378       0.13066767559517342     
           3  0.33826734563726440       0.12484015251375041     
           4  0.32307969151674243       0.11883314620190860     
           5  0.30962899036929076       0.11248982166657945     
           6  0.29758359496214570       0.10605212874205290     
           1  0.31809005716147604       0.11694039692326294     
           2  0.30212091735662433       0.11175819516087890     
           3  0.28719340709215885       0.10629313283181069     
           4  0.27370370071409450       0.10059297370432622     
           5  0.26172412916774235        9.4596390891771298E-002
           6  0.25077152039281481        8.8379656901522038E-002
           1  0.24191485351678893        8.2872528646397908E-002
           2  0.23337477255006284        7.6716123153815055E-002
           3  0.22397978984981493        7.0328908456802855E-002
           4  0.21453718730441557        6.3788371656505041E-002
           5  0.20543142248302720        5.7133915723157500E-002
           6  0.19742585071828128        5.0432253803866546E-002
           1  0.28700328980204126        9.9349948059343079E-002
           2  0.27595372600512824        9.2528404294135266E-002
           3  0.26432021898580788        8.5656326727665974E-002
           4  0.25361290217844124        7.8625786290309002E-002
           5  0.24393198410359249        7.1412804107153990E-002
           6  0.23426226232765532        6.4080073957409361E-002
           1  0.24194058327086837        8.2872239820766261E-002
           2  0.23339432615918040        7.6720368180815776E-002
           3  0.22402539422763229        7.0327599010242617E-002
           4  0.21453701852180682        6.3774773598330697E-002
           5  0.20543784616295319        5.7126087925969939E-002
           6  0.19743002508395058        5.0421871240989791E-002
