    10.00000   -0.296418069849535E+01   -0.296445108328577E+01    0.473341742238173E+04    0.214710369260932E+04
    20.00000   -0.747340504535596E+01   -0.747354024402809E+01    0.562942144044129E+04    0.304334299707333E+04
    30.00000   -0.125655532615662E+02   -0.125656433947893E+02    0.615364424647562E+04    0.356760938185719E+04
    40.00000   -0.180362890428485E+02   -0.180363566429693E+02    0.652560191306228E+04    0.393958230153733E+04
    50.00000   -0.237885477074548E+02   -0.237886017876268E+02    0.681411946481502E+04    0.422810691338661E+04
    60.00000   -0.297651559551042E+02   -0.297652010219482E+02    0.704985740261071E+04    0.446384868632119E+04
    70.00000   -0.359283345376676E+02   -0.359283731664086E+02    0.724917191915115E+04    0.466316551533785E+04
    80.00000   -0.422512317956062E+02   -0.422512655957647E+02    0.742182650892527E+04    0.483582160600135E+04
    90.00000   -0.487137705745724E+02   -0.487138006191637E+02    0.757411894502260E+04    0.498811507110504E+04
   100.00000   -0.553003669224001E+02   -0.553003939625363E+02    0.771034935572521E+04    0.512434621785064E+04
   110.00000   -0.619985712589725E+02   -0.619985958409171E+02    0.783358487362323E+04    0.524758228033762E+04
   120.00000   -0.687982079751846E+02   -0.687982305086357E+02    0.794609016986602E+04    0.536008799078521E+04
   130.00000   -0.756908038804316E+02   -0.756908246805414E+02    0.804958506853902E+04    0.546358321180708E+04
   140.00000   -0.826691935606243E+02   -0.826692128750131E+02    0.814540642075972E+04    0.555940481980185E+04
   150.00000   -0.897272380607764E+02   -0.897272560875401E+02    0.823461399724684E+04    0.564861260263447E+04
   160.00000   -0.968596189110904E+02   -0.968596358111819E+02    0.831806213619901E+04    0.573206091046535E+04
   170.00000   -0.104061683840553E+03   -0.104061699746522E+03    0.839644963224508E+04    0.581044854647401E+04
   180.00000   -0.111329328913132E+03   -0.111329343935436E+03    0.847035534405012E+04    0.588435437556906E+04
   190.00000   -0.118658906932405E+03   -0.118658921164062E+03    0.854026416189003E+04    0.595426329267153E+04
   200.00000   -0.126047155179563E+03   -0.126047168699638E+03    0.860658630678438E+04    0.602058552231463E+04
   210.00000   -0.133491137637488E+03   -0.133491150513750E+03    0.866967191612291E+04    0.608367120458570E+04
   220.00000   -0.140988198242879E+03   -0.140988210533856E+03    0.872982223312377E+04    0.614382158480163E+04
   230.00000   -0.148535922654170E+03   -0.148535934410757E+03    0.878729830697761E+04    0.620129771380571E+04
   240.00000   -0.156132106680021E+03   -0.156132117946750E+03    0.884232784001993E+04    0.625632729524922E+04
   250.00000   -0.163774729978063E+03   -0.163774740794123E+03    0.889511063622462E+04    0.630911013416391E+04
   260.00000   -0.171461933967960E+03   -0.171461944368018E+03    0.894582298045446E+04    0.635982251627110E+04
   270.00000   -0.179192003147008E+03   -0.179192013161879E+03    0.899462119078910E+04    0.640862076035292E+04
   280.00000   -0.186963349177221E+03   -0.186963358834418E+03    0.904164452450562E+04    0.645564412426586E+04
   290.00000   -0.194774497248295E+03   -0.194774506572485E+03    0.908701757389475E+04    0.650101720078185E+04
   300.00000   -0.202624074323545E+03   -0.202624083336928E+03    0.913085225575181E+04    0.654485190709848E+04
   310.00000   -0.210510798954614E+03   -0.210510807677243E+03    0.917324947453097E+04    0.658724914800861E+04
   320.00000   -0.218433472411621E+03   -0.218433480861669E+03    0.921430052136294E+04    0.662830021492936E+04
   330.00000   -0.226390970923018E+03   -0.226390979117003E+03    0.925408825772871E+04    0.666808796958548E+04
   340.00000   -0.234382238856820E+03   -0.234382246809805E+03    0.929268812238092E+04    0.670668785093803E+04
   350.00000   -0.242406282704671E+03   -0.242406290430429E+03    0.933016899226862E+04    0.674416873611513E+04
   360.00000   -0.250462165753938E+03   -0.250462173265091E+03    0.936659392215344E+04    0.678059368003306E+04
   370.00000   -0.258549003352190E+03   -0.258549010660339E+03    0.940202078286796E+04    0.681602055365829E+04
   380.00000   -0.266665958683969E+03   -0.266665965799799E+03    0.943650281444025E+04    0.685050259713554E+04
   390.00000   -0.274812238992368E+03   -0.274812245925740E+03    0.947008910735870E+04    0.688408890105497E+04
   400.00000   -0.282987092188369E+03   -0.282987098948407E+03    0.950282502289616E+04    0.691682482677864E+04
   410.00000   -0.291189803799436E+03   -0.291189810394594E+03    0.953475256152544E+04    0.694875237485800E+04
   420.00000   -0.299419694215956E+03   -0.299419700654087E+03    0.956591068693408E+04    0.697991050904972E+04
   430.00000   -0.307676116200056E+03   -0.307676122488463E+03    0.959633561190797E+04    0.701033544220110E+04
   440.00000   -0.315958452626268E+03   -0.315958458771757E+03    0.962606105134622E+04    0.704006088926563E+04
   450.00000   -0.324266114427677E+03   -0.324266120436600E+03    0.965511844683939E+04    0.706911829188234E+04
   460.00000   -0.332598538724720E+03   -0.332598544603014E+03    0.968353716656271E+04    0.709753701826973E+04
   470.00000   -0.340955187116754E+03   -0.340955192869979E+03    0.971134468367021E+04    0.712534454162042E+04
   480.00000   -0.349335544119092E+03   -0.349335549752457E+03    0.973856673590594E+04    0.715256659971322E+04
   490.00000   -0.357739115730321E+03   -0.357739121248719E+03    0.976522746875692E+04    0.717922733806636E+04
   500.00000   -0.366165428116629E+03   -0.366165433524660E+03    0.979134956414310E+04    0.720534943862791E+04
   510.00000   -0.374614026401419E+03   -0.374614031703410E+03    0.981695435636318E+04    0.723095423572187E+04
   520.00000   -0.383084473549877E+03   -0.383084478749906E+03    0.984206193678097E+04    0.725606182073510E+04
   530.00000   -0.391576349339385E+03   -0.391576354441300E+03    0.986669124854030E+04    0.728069113683222E+04
   540.00000   -0.400089249407648E+03   -0.400089254415085E+03    0.989086017242600E+04    0.730486006481693E+04
   550.00000   -0.408622784371371E+03   -0.408622789287763E+03    0.991458560484648E+04    0.732858550111492E+04
   560.00000   -0.417176579009021E+03   -0.417176583837619E+03    0.993788352878982E+04    0.735188342872987E+04
   570.00000   -0.425750271502008E+03   -0.425750276245894E+03    0.996076907849926E+04    0.737476898191940E+04
   580.00000   -0.434343512729114E+03   -0.434343517391210E+03    0.998325659852409E+04    0.739725650524584E+04
   590.00000   -0.442955965609601E+03   -0.442955970192677E+03    0.100053596977225E+05    0.741935960757942E+04
   600.00000   -0.451587304490861E+03   -0.451587308997553E+03    0.100270912987258E+05    0.744109121156251E+04
   610.00000   -0.460237214576903E+03   -0.460237219009715E+03    0.100484636833144E+05    0.746246359898540E+04
   620.00000   -0.468905391394323E+03   -0.468905395755638E+03    0.100694885341032E+05    0.748348845247262E+04
   630.00000   -0.477591540292734E+03   -0.477591544584820E+03    0.100901769728933E+05    0.750417689383356E+04
   640.00000   -0.486295375976922E+03   -0.486295380201946E+03    0.101105395960018E+05    0.752453951939337E+04
   650.00000   -0.495016622068256E+03   -0.495016626228280E+03    0.101305865068537E+05    0.754458643258438E+04
   660.00000   -0.503755010693080E+03   -0.503755014790073E+03    0.101503273460853E+05    0.756432727404948E+04
   670.00000   -0.512510282096062E+03   -0.512510286131906E+03    0.101697713193834E+05    0.758377124948185E+04
   680.00000   -0.521282184276640E+03   -0.521282188253135E+03    0.101889272232628E+05    0.760292715540203E+04
   690.00000   -0.530070472646843E+03   -0.530070476565706E+03    0.102078034689616E+05    0.762180340305358E+04
   700.00000   -0.538874909708958E+03   -0.538874913571836E+03    0.102264081046175E+05    0.764040804057915E+04
   710.00000   -0.547695264751624E+03   -0.547695268560096E+03    0.102447488358709E+05    0.765874877362375E+04
   720.00000   -0.556531313563040E+03   -0.556531317318617E+03    0.102628330450271E+05    0.767683298449708E+04
   730.00000   -0.565382838160124E+03   -0.565382841864256E+03    0.102806678088973E+05    0.769466775001418E+04
   740.00000   -0.574249626532497E+03   -0.574249630186571E+03    0.102982599154247E+05    0.771225985812233E+04
   750.00000   -0.583131472400316E+03   -0.583131476005668E+03    0.103156158791963E+05    0.772961582341177E+04
   760.00000   -0.592028174985031E+03   -0.592028178542947E+03    0.103327419559257E+05    0.774674190159954E+04
   770.00000   -0.600939538792204E+03   -0.600939542303912E+03    0.103496441559904E+05    0.776364410306614E+04
   780.00000   -0.609865373405598E+03   -0.609865376872285E+03    0.103663282570949E+05    0.778032820551897E+04
   790.00000   -0.618805493291861E+03   -0.618805496714665E+03    0.103827998161277E+05    0.779679976584918E+04
   800.00000   -0.627759717615057E+03   -0.627759720995076E+03    0.103990641802720E+05    0.781306413124263E+04
   810.00000   -0.636727870060511E+03   -0.636727873398801E+03    0.104151264974270E+05    0.782912644960080E+04
   820.00000   -0.645709778667328E+03   -0.645709781964907E+03    0.104309917259889E+05    0.784499167932200E+04
   830.00000   -0.654705275669104E+03   -0.654705278926952E+03    0.104466646440395E+05    0.786066459849032E+04
   840.00000   -0.663714197342284E+03   -0.663714200561349E+03    0.104621498579848E+05    0.787614981351372E+04
   850.00000   -0.672736383861780E+03   -0.672736387042975E+03    0.104774518106822E+05    0.789145176725132E+04
   860.00000   -0.681771679163354E+03   -0.681771682307559E+03    0.104925747890918E+05    0.790657474666511E+04
   870.00000   -0.690819930812417E+03   -0.690819933920480E+03    0.105075229314867E+05    0.792152289002968E+04
   880.00000   -0.699880989878856E+03   -0.699880992951603E+03    0.105223002342498E+05    0.793630019372964E+04
   890.00000   -0.708954710817556E+03   -0.708954713855775E+03    0.105369105582877E+05    0.795091051867299E+04
   900.00000   -0.718040951354283E+03   -0.718040954358744E+03    0.105513576350856E+05    0.796535759634634E+04
   910.00000   -0.727139572376653E+03   -0.727139575348100E+03    0.105656450724281E+05    0.797964503453561E+04
   920.00000   -0.736250437829882E+03   -0.736250440769029E+03    0.105797763598070E+05    0.799377632273372E+04
   930.00000   -0.745373414617076E+03   -0.745373417524619E+03    0.105937548735367E+05    0.800775483725649E+04
   940.00000   -0.754508372503804E+03   -0.754508375380414E+03    0.106075838815969E+05    0.802158384608443E+04
   950.00000   -0.763655184026740E+03   -0.763655186873070E+03    0.106212665482176E+05    0.803526651344882E+04
   960.00000   -0.772813724406147E+03   -0.772813727222829E+03    0.106348059382254E+05    0.804880590417723E+04
   970.00000   -0.781983871462005E+03   -0.781983874249650E+03    0.106482050211640E+05    0.806220498781418E+04
   980.00000   -0.791165505533610E+03   -0.791165508292810E+03    0.106614666752030E+05    0.807546664253036E+04
   990.00000   -0.800358509402437E+03   -0.800358512133765E+03    0.106745936908493E+05    0.808859365883335E+04
  1000.00000   -0.809562768218133E+03   -0.809562770922149E+03    0.106875887744707E+05    0.810158874309193E+04
  1010.00000   -0.818778169427472E+03   -0.818778172104713E+03    0.107004545516456E+05    0.811445452088507E+04
  1020.00000   -0.828004602706109E+03   -0.828004605357102E+03    0.107131935703462E+05    0.812719354018587E+04
  1030.00000   -0.837241959893031E+03   -0.837241962518289E+03    0.107258083039678E+05    0.813980827439023E+04
  1040.00000   -0.846490134927539E+03   -0.846490137527554E+03    0.107383011542106E+05    0.815230112519910E+04
  1050.00000   -0.855749023788653E+03   -0.855749026363906E+03    0.107506744538245E+05    0.816467442536301E+04
  1060.00000   -0.865018524436841E+03   -0.865018526987797E+03    0.107629304692233E+05    0.817693044129622E+04
  1070.00000   -0.874298536757924E+03   -0.874298539285041E+03    0.107750714029761E+05    0.818907137556856E+04
  1080.00000   -0.883588962509105E+03   -0.883588965012823E+03    0.107870993961832E+05    0.820109936928094E+04
  1090.00000   -0.892889705266978E+03   -0.892889707747724E+03    0.107990165307425E+05    0.821301650433161E+04
  1100.00000   -0.902200670377441E+03   -0.902200672835634E+03    0.108108248315118E+05    0.822482480557892E+04
  1110.00000   -0.911521764907451E+03   -0.911521767343501E+03    0.108225262683739E+05    0.823652624290617E+04
  1120.00000   -0.920852897598505E+03   -0.920852900012807E+03    0.108341227582089E+05    0.824812273319387E+04
  1130.00000   -0.930193978821781E+03   -0.930193981214717E+03    0.108456161667786E+05    0.825961614220438E+04
  1140.00000   -0.939544920534868E+03   -0.939544922906812E+03    0.108570083105284E+05    0.827100828638340E+04
  1150.00000   -0.948905636240017E+03   -0.948905638591335E+03    0.108683009583099E+05    0.828230093458301E+04
  1160.00000   -0.958276040943852E+03   -0.958276043274900E+03    0.108794958330294E+05    0.829349580970985E+04
  1170.00000   -0.967656051118443E+03   -0.967656053429568E+03    0.108905946132255E+05    0.830459459030281E+04
  1180.00000   -0.977045584663753E+03   -0.977045586955290E+03    0.109015989345792E+05    0.831559891204342E+04
  1190.00000   -0.986444560871314E+03   -0.986444563143597E+03    0.109125103913611E+05    0.832651036920253E+04
  1200.00000   -0.995852900389153E+03   -0.995852902642499E+03    0.109233305378173E+05    0.833733051602650E+04
  1210.00000   -0.100527052518788E+04   -0.100527052742260E+04    0.109340608894981E+05    0.834806086806591E+04
  1220.00000   -0.101469735852787E+04   -0.101469736074428E+04    0.109447029245317E+05    0.835870290344943E+04
  1230.00000   -0.102413332492761E+04   -0.102413332712600E+04    0.109552580848467E+05    0.836925806410586E+04
  1240.00000   -0.103357835013292E+04   -0.103357835231358E+04    0.109657277773443E+05    0.837972775693663E+04
  1250.00000   -0.104303236108735E+04   -0.104303236325056E+04    0.109761133750236E+05    0.839011335494119E+04
  1260.00000   -0.105249528590336E+04   -0.105249528804941E+04    0.109864162180625E+05    0.840041619829757E+04
  1270.00000   -0.106196705383453E+04   -0.106196705596368E+04    0.109966376148552E+05    0.841063759540028E+04
  1280.00000   -0.107144759524860E+04   -0.107144759736111E+04    0.110067788430095E+05    0.842077882385739E+04
  1290.00000   -0.108093684160133E+04   -0.108093684369747E+04    0.110168411503053E+05    0.843084113144897E+04
  1300.00000   -0.109043472541122E+04   -0.109043472749124E+04    0.110268257556157E+05    0.844082573704838E+04
  1310.00000   -0.109994118023499E+04   -0.109994118229913E+04    0.110367338497934E+05    0.845073383150840E+04
  1320.00000   -0.110945614064378E+04   -0.110945614269228E+04    0.110465665965224E+05    0.846056657851350E+04
  1330.00000   -0.111897954220010E+04   -0.111897954423320E+04    0.110563251331392E+05    0.847032511540004E+04
  1340.00000   -0.112851132143548E+04   -0.112851132345340E+04    0.110660105714212E+05    0.848001055394584E+04
  1350.00000   -0.113805141582877E+04   -0.113805141783174E+04    0.110756239983477E+05    0.848962398113022E+04
  1360.00000   -0.114759976378507E+04   -0.114759976577331E+04    0.110851664768312E+05    0.849916645986604E+04
  1370.00000   -0.115715630461533E+04   -0.115715630658906E+04    0.110946390464235E+05    0.850863902970508E+04
  1380.00000   -0.116672097851648E+04   -0.116672098047591E+04    0.111040427239946E+05    0.851804270751758E+04
  1390.00000   -0.117629372655220E+04   -0.117629372849754E+04    0.111133785043881E+05    0.852737848814732E+04
  1400.00000   -0.118587449063420E+04   -0.118587449256563E+04    0.111226473610527E+05    0.853664734504314E+04
  1410.00000   -0.119546321350400E+04   -0.119546321542174E+04    0.111318502466516E+05    0.854585023086829E+04
  1420.00000   -0.120505983871537E+04   -0.120505984061961E+04    0.111409880936496E+05    0.855498807808776E+04
  1430.00000   -0.121466431061709E+04   -0.121466431250801E+04    0.111500618148803E+05    0.856406179953537E+04
  1440.00000   -0.122427657433632E+04   -0.122427657621411E+04    0.111590723040936E+05    0.857307228896110E+04
  1450.00000   -0.123389657576232E+04   -0.123389657762716E+04    0.111680204364837E+05    0.858202042155912E+04
  1460.00000   -0.124352426153077E+04   -0.124352426338284E+04    0.111769070691990E+05    0.859090705447821E+04
  1470.00000   -0.125315957900836E+04   -0.125315958084782E+04    0.111857330418354E+05    0.859973302731423E+04
  1480.00000   -0.126280247627789E+04   -0.126280247810493E+04    0.111944991769119E+05    0.860849916258632E+04
  1490.00000   -0.127245290212378E+04   -0.127245290393855E+04    0.112032062803307E+05    0.861720626619680E+04
  1500.00000   -0.128211080601790E+04   -0.128211080782058E+04    0.112118551418219E+05    0.862585512787579E+04
  1510.00000   -0.129177613810587E+04   -0.129177613989661E+04    0.112204465353731E+05    0.863444652161101E+04
  1520.00000   -0.130144884919363E+04   -0.130144885097259E+04    0.112289812196451E+05    0.864298120606355E+04
  1530.00000   -0.131112889073443E+04   -0.131112889250176E+04    0.112374599383743E+05    0.865145992496974E+04
  1540.00000   -0.132081621481612E+04   -0.132081621657198E+04    0.112458834207612E+05    0.865988340753013E+04
  1550.00000   -0.133051077414882E+04   -0.133051077589335E+04    0.112542523818468E+05    0.866825236878590E+04
  1560.00000   -0.134021252205284E+04   -0.134021252378618E+04    0.112625675228769E+05    0.867656750998299E+04
  1570.00000   -0.134992141244696E+04   -0.134992141416926E+04    0.112708295316549E+05    0.868482951892467E+04
  1580.00000   -0.135963739983699E+04   -0.135963740154839E+04    0.112790390828828E+05    0.869303907031318E+04
  1590.00000   -0.136936043930466E+04   -0.136936044100529E+04    0.112871968384921E+05    0.870119682608009E+04
  1600.00000   -0.137909048649667E+04   -0.137909048818667E+04    0.112953034479640E+05    0.870930343570664E+04
  1610.00000   -0.138882749761417E+04   -0.138882749929369E+04    0.113033595486398E+05    0.871735953653423E+04
  1620.00000   -0.139857142940243E+04   -0.139857143107158E+04    0.113113657660214E+05    0.872536575406479E+04
  1630.00000   -0.140832223914071E+04   -0.140832224079962E+04    0.113193227140628E+05    0.873332270225248E+04
  1640.00000   -0.141807988463246E+04   -0.141807988628125E+04    0.113272309954527E+05    0.874123098378602E+04
  1650.00000   -0.142784432419575E+04   -0.142784432583455E+04    0.113350912018885E+05    0.874909119036275E+04
  1660.00000   -0.143761551665387E+04   -0.143761551828280E+04    0.113429039143416E+05    0.875690390295432E+04
  1670.00000   -0.144739342132626E+04   -0.144739342294543E+04    0.113506697033155E+05    0.876466969206417E+04
  1680.00000   -0.145717799801952E+04   -0.145717799962905E+04    0.113583891290955E+05    0.877238911797775E+04
  1690.00000   -0.146696920701877E+04   -0.146696920861878E+04    0.113660627419914E+05    0.878006273100486E+04
  1700.00000   -0.147676700907916E+04   -0.147676701066976E+04    0.113736910825730E+05    0.878769107171531E+04
  1710.00000   -0.148657136541751E+04   -0.148657136699881E+04    0.113812746818984E+05    0.879527467116727E+04
  1720.00000   -0.149638223770428E+04   -0.149638223927638E+04    0.113888140617358E+05    0.880281405112911E+04
  1730.00000   -0.150619958805562E+04   -0.150619958961863E+04    0.113963097347794E+05    0.881030972429495E+04
  1740.00000   -0.151602337902565E+04   -0.151602338057968E+04    0.114037622048580E+05    0.881776219449372E+04
  1750.00000   -0.152585357359892E+04   -0.152585357514407E+04    0.114111719671386E+05    0.882517195689244E+04
  1760.00000   -0.153569013518301E+04   -0.153569013671938E+04    0.114185395083237E+05    0.883253949819365E+04
  1770.00000   -0.154553302760133E+04   -0.154553302912902E+04    0.114258653068432E+05    0.883986529682729E+04
  1780.00000   -0.155538221508607E+04   -0.155538221660518E+04    0.114331498330406E+05    0.884714982313699E+04
  1790.00000   -0.156523766227133E+04   -0.156523766378196E+04    0.114403935493548E+05    0.885439353956141E+04
  1800.00000   -0.157509933418635E+04   -0.157509933568858E+04    0.114475969104952E+05    0.886159690081035E+04
  1810.00000   -0.158496719624893E+04   -0.158496719774286E+04    0.114547603636141E+05    0.886876035403604E+04
  1820.00000   -0.159484121425902E+04   -0.159484121574474E+04    0.114618843484727E+05    0.887588433899961E+04
  1830.00000   -0.160472135439239E+04   -0.160472135587000E+04    0.114689692976032E+05    0.888296928823328E+04
  1840.00000   -0.161460758319449E+04   -0.161460758466406E+04    0.114760156364661E+05    0.889001562719772E+04
  1850.00000   -0.162449986757439E+04   -0.162449986903602E+04    0.114830237836040E+05    0.889702377443560E+04
  1860.00000   -0.163439817479892E+04   -0.163439817625270E+04    0.114899941507905E+05    0.890399414172050E+04
  1870.00000   -0.164430247248690E+04   -0.164430247393289E+04    0.114969271431756E+05    0.891092713420229E+04
  1880.00000   -0.165421272860344E+04   -0.165421273004174E+04    0.115038231594266E+05    0.891782315054845E+04
  1890.00000   -0.166412891145448E+04   -0.166412891288518E+04    0.115106825918659E+05    0.892468258308144E+04
  1900.00000   -0.167405098968135E+04   -0.167405099110451E+04    0.115175058266050E+05    0.893150581791283E+04
  1910.00000   -0.168397893225546E+04   -0.168397893367117E+04    0.115242932436750E+05    0.893829323507362E+04
  1920.00000   -0.169391270847314E+04   -0.169391270988149E+04    0.115310452171533E+05    0.894504520864124E+04
  1930.00000   -0.170385228795057E+04   -0.170385228935162E+04    0.115377621152874E+05    0.895176210686335E+04
  1940.00000   -0.171379764061876E+04   -0.171379764201259E+04    0.115444443006156E+05    0.895844429227820E+04
  1950.00000   -0.172374873671874E+04   -0.172374873810542E+04    0.115510921300844E+05    0.896509212183224E+04
  1960.00000   -0.173370554679676E+04   -0.173370554817636E+04    0.115577059551626E+05    0.897170594699437E+04
  1970.00000   -0.174366804169961E+04   -0.174366804307221E+04    0.115642861219530E+05    0.897828611386753E+04
  1980.00000   -0.175363619257007E+04   -0.175363619393573E+04    0.115708329713013E+05    0.898483296329735E+04
  1990.00000   -0.176360997084239E+04   -0.176360997220119E+04    0.115773468389018E+05    0.899134683097811E+04
  2000.00000   -0.177358934823794E+04   -0.177358934958995E+04    0.115838280554006E+05    0.899782804755593E+04
  2010.00000   -0.178357429676088E+04   -0.178357429810616E+04    0.115902769464965E+05    0.900427693872970E+04
  2020.00000   -0.179356478869391E+04   -0.179356479003254E+04    0.115966938330392E+05    0.901069382534907E+04
  2030.00000   -0.180356079659421E+04   -0.180356079792623E+04    0.116030790311249E+05    0.901707902351037E+04
  2040.00000   -0.181356229328928E+04   -0.181356229461478E+04    0.116094328521900E+05    0.902343284464990E+04
  2050.00000   -0.182356925187306E+04   -0.182356925319208E+04    0.116157556031020E+05    0.902975559563528E+04
  2060.00000   -0.183358164570197E+04   -0.183358164701460E+04    0.116220475862486E+05    0.903604757885424E+04
  2070.00000   -0.184359944839114E+04   -0.184359944969742E+04    0.116283090996246E+05    0.904230909230142E+04
  2080.00000   -0.185362263381058E+04   -0.185362263511059E+04    0.116345404369160E+05    0.904854042966312E+04
  2090.00000   -0.186365117608160E+04   -0.186365117737538E+04    0.116407418875834E+05    0.905474188039984E+04
  2100.00000   -0.187368504957312E+04   -0.187368505086075E+04    0.116469137369424E+05    0.906091372982700E+04
  2110.00000   -0.188372422889820E+04   -0.188372423017972E+04    0.116530562662420E+05    0.906705625919387E+04
  2120.00000   -0.189376868891051E+04   -0.189376869018599E+04    0.116591697527420E+05    0.907316974576024E+04
  2130.00000   -0.190381840470096E+04   -0.190381840597045E+04    0.116652544697880E+05    0.907925446287160E+04
  2140.00000   -0.191387335159437E+04   -0.191387335285793E+04    0.116713106868844E+05    0.908531068003259E+04
  2150.00000   -0.192393350514615E+04   -0.192393350640383E+04    0.116773386697667E+05    0.909133866297838E+04
  2160.00000   -0.193399884113910E+04   -0.193399884239095E+04    0.116833386804705E+05    0.909733867374493E+04
  2170.00000   -0.194406933558027E+04   -0.194406933682636E+04    0.116893109774009E+05    0.910331097073713E+04
  2180.00000   -0.195414496469784E+04   -0.195414496593821E+04    0.116952558153983E+05    0.910925580879561E+04
  2190.00000   -0.196422570493809E+04   -0.196422570617280E+04    0.117011734458046E+05    0.911517343926205E+04
  2200.00000   -0.197431153296239E+04   -0.197431153419149E+04    0.117070641165262E+05    0.912106411004294E+04
  2210.00000   -0.198440242564430E+04   -0.198440242686784E+04    0.117129280720965E+05    0.912692806567178E+04
  2220.00000   -0.199449836006665E+04   -0.199449836128468E+04    0.117187655537371E+05    0.913276554737017E+04
  2230.00000   -0.200459931351875E+04   -0.200459931473132E+04    0.117245767994172E+05    0.913857679310726E+04
  2240.00000   -0.201470526349360E+04   -0.201470526470074E+04    0.117303620439116E+05    0.914436203765788E+04
  2250.00000   -0.202481618768512E+04   -0.202481618888691E+04    0.117361215188579E+05    0.915012151265963E+04
  2260.00000   -0.203493206398556E+04   -0.203493206518202E+04    0.117418554528119E+05    0.915585544666838E+04
  2270.00000   -0.204505287048277E+04   -0.204505287167396E+04    0.117475640713023E+05    0.916156406521277E+04
  2280.00000   -0.205517858545770E+04   -0.205517858664367E+04    0.117532475968837E+05    0.916724759084741E+04
  2290.00000   -0.206530918738179E+04   -0.206530918856258E+04    0.117589062491886E+05    0.917290624320495E+04
  2300.00000   -0.207544465491452E+04   -0.207544465609017E+04    0.117645402449787E+05    0.917854023904701E+04
  2310.00000   -0.208558496690093E+04   -0.208558496807150E+04    0.117701497981945E+05    0.918414979231399E+04
  2320.00000   -0.209573010236923E+04   -0.209573010353476E+04    0.117757351200038E+05    0.918973511417387E+04
  2330.00000   -0.210588004052843E+04   -0.210588004168896E+04    0.117812964188497E+05    0.919529641306979E+04
  2340.00000   -0.211603476076598E+04   -0.211603476192155E+04    0.117868339004975E+05    0.920083389476684E+04
  2350.00000   -0.212619424264555E+04   -0.212619424379619E+04    0.117923477680797E+05    0.920634776239771E+04
  2360.00000   -0.213635846590469E+04   -0.213635846705046E+04    0.117978382221414E+05    0.921183821650743E+04
  2370.00000   -0.214652741045268E+04   -0.214652741159363E+04    0.118033054606835E+05    0.921730545509705E+04
  2380.00000   -0.215670105636838E+04   -0.215670105750452E+04    0.118087496792062E+05    0.922274967366656E+04
  2390.00000   -0.216687938389801E+04   -0.216687938502940E+04    0.118141710707502E+05    0.922817106525676E+04
  2400.00000   -0.217706237345311E+04   -0.217706237457978E+04    0.118195698259382E+05    0.923356982049052E+04
  2410.00000   -0.218725000560847E+04   -0.218725000673047E+04    0.118249461330153E+05    0.923894612761273E+04
  2420.00000   -0.219744226110008E+04   -0.219744226221744E+04    0.118303001778879E+05    0.924430017252992E+04
  2430.00000   -0.220763912082313E+04   -0.220763912193589E+04    0.118356321441627E+05    0.924963213884864E+04
  2440.00000   -0.221784056583005E+04   -0.221784056693826E+04    0.118409422131840E+05    0.925494220791342E+04
  2450.00000   -0.222804657732861E+04   -0.222804657843229E+04    0.118462305640713E+05    0.926023055884365E+04
  2460.00000   -0.223825713667995E+04   -0.223825713777915E+04    0.118514973737551E+05    0.926549736856988E+04
  2470.00000   -0.224847222539677E+04   -0.224847222649151E+04    0.118567428170126E+05    0.927074281186928E+04
  2480.00000   -0.225869182514145E+04   -0.225869182623178E+04    0.118619670665026E+05    0.927596706140063E+04
  2490.00000   -0.226891591772426E+04   -0.226891591881021E+04    0.118671702927992E+05    0.928117028773820E+04
  2500.00000   -0.227914448510159E+04   -0.227914448618320E+04    0.118723526644258E+05    0.928635265940520E+04
  2510.00000   -0.228937750937415E+04   -0.228937751045145E+04    0.118775143478874E+05    0.929151434290671E+04
  2520.00000   -0.229961497278532E+04   -0.229961497385834E+04    0.118826555077028E+05    0.929665550276160E+04
  2530.00000   -0.230985685771934E+04   -0.230985685878812E+04    0.118877763064363E+05    0.930177630153402E+04
  2540.00000   -0.232010314669977E+04   -0.232010314776435E+04    0.118928769047280E+05    0.930687689986431E+04
  2550.00000   -0.233035382238774E+04   -0.233035382344815E+04    0.118979574613248E+05    0.931195745649915E+04
  2560.00000   -0.234060886758041E+04   -0.234060886863666E+04    0.119030181331094E+05    0.931701812832139E+04
  2570.00000   -0.235086826520929E+04   -0.235086826626143E+04    0.119080590751297E+05    0.932205907037884E+04
  2580.00000   -0.236113199833876E+04   -0.236113199938682E+04    0.119130804406271E+05    0.932708043591298E+04
  2590.00000   -0.237140005016446E+04   -0.237140005120848E+04    0.119180823810646E+05    0.933208237638681E+04
  2600.00000   -0.238167240401182E+04   -0.238167240505182E+04    0.119230650461542E+05    0.933706504151239E+04
  2610.00000   -0.239194904333450E+04   -0.239194904437053E+04    0.119280285838839E+05    0.934202857927756E+04
  2620.00000   -0.240222995171300E+04   -0.240222995274506E+04    0.119329731405437E+05    0.934697313597240E+04
  2630.00000   -0.241251511285311E+04   -0.241251511388125E+04    0.119378988607517E+05    0.935189885621516E+04
  2640.00000   -0.242280451058457E+04   -0.242280451160882E+04    0.119428058874797E+05    0.935680588297750E+04
  2650.00000   -0.243309812885961E+04   -0.243309812987999E+04    0.119476943620778E+05    0.936169435760950E+04
  2660.00000   -0.244339595175157E+04   -0.244339595276811E+04    0.119525644242989E+05    0.936656441986405E+04
  2670.00000   -0.245369796345354E+04   -0.245369796446627E+04    0.119574162123225E+05    0.937141620792083E+04
  2680.00000   -0.246400414827702E+04   -0.246400414928598E+04    0.119622498627787E+05    0.937624985840984E+04
  2690.00000   -0.247431449065060E+04   -0.247431449165581E+04    0.119670655107709E+05    0.938106550643448E+04
  2700.00000   -0.248462897511862E+04   -0.248462897612011E+04    0.119718632898986E+05    0.938586328559423E+04
  2710.00000   -0.249494758633994E+04   -0.249494758733773E+04    0.119766433322794E+05    0.939064332800677E+04
  2720.00000   -0.250527030908659E+04   -0.250527031008071E+04    0.119814057685713E+05    0.939540576433005E+04
  2730.00000   -0.251559712824263E+04   -0.251559712923311E+04    0.119861507279938E+05    0.940015072378349E+04
  2740.00000   -0.252592802880280E+04   -0.252592802978967E+04    0.119908783383487E+05    0.940487833416908E+04
  2750.00000   -0.253626299587142E+04   -0.253626299685470E+04    0.119955887260415E+05    0.940958872189219E+04
  2760.00000   -0.254660201466112E+04   -0.254660201564083E+04    0.120002820161009E+05    0.941428201198160E+04
  2770.00000   -0.255694507049167E+04   -0.255694507146785E+04    0.120049583321991E+05    0.941895832810954E+04
  2780.00000   -0.256729214878887E+04   -0.256729214976154E+04    0.120096177966715E+05    0.942361779261131E+04
  2790.00000   -0.257764323508335E+04   -0.257764323605253E+04    0.120142605305355E+05    0.942826052650435E+04
  2800.00000   -0.258799831500946E+04   -0.258799831597518E+04    0.120188866535095E+05    0.943288664950715E+04
  2810.00000   -0.259835737430417E+04   -0.259835737526646E+04    0.120234962840318E+05    0.943749628005786E+04
  2820.00000   -0.260872039880598E+04   -0.260872039976485E+04    0.120280895392781E+05    0.944208953533230E+04
  2830.00000   -0.261908737445380E+04   -0.261908737540928E+04    0.120326665351800E+05    0.944666653126201E+04
  2840.00000   -0.262945828728592E+04   -0.262945828823804E+04    0.120372273864422E+05    0.945122738255178E+04
  2850.00000   -0.263983312343897E+04   -0.263983312438775E+04    0.120417722065599E+05    0.945577220269670E+04
  2860.00000   -0.265021186914685E+04   -0.265021187009231E+04    0.120463011078356E+05    0.946030110399939E+04
  2870.00000   -0.266059451073974E+04   -0.266059451168191E+04    0.120508142013960E+05    0.946481419758652E+04
  2880.00000   -0.267098103464306E+04   -0.267098103558196E+04    0.120553115972082E+05    0.946931159342511E+04
  2890.00000   -0.268137142737652E+04   -0.268137142831216E+04    0.120597934040957E+05    0.947379340033868E+04
  2900.00000   -0.269176567555310E+04   -0.269176567648552E+04    0.120642597297543E+05    0.947825972602313E+04
  2910.00000   -0.270216376587813E+04   -0.270216376680735E+04    0.120687106807676E+05    0.948271067706207E+04
  2920.00000   -0.271256568514830E+04   -0.271256568607433E+04    0.120731463626224E+05    0.948714635894222E+04
  2930.00000   -0.272297142025072E+04   -0.272297142117360E+04    0.120775668797235E+05    0.949156687606838E+04
  2940.00000   -0.273338095816203E+04   -0.273338095908176E+04    0.120819723354085E+05    0.949597233177825E+04
  2950.00000   -0.274379428594745E+04   -0.274379428686406E+04    0.120863628319624E+05    0.950036282835672E+04
  2960.00000   -0.275421139075991E+04   -0.275421139167342E+04    0.120907384706317E+05    0.950473846705033E+04
  2970.00000   -0.276463225983912E+04   -0.276463226074956E+04    0.120950993516385E+05    0.950909934808121E+04
  2980.00000   -0.277505688051074E+04   -0.277505688141813E+04    0.120994455741943E+05    0.951344557066081E+04
  2990.00000   -0.278548524018549E+04   -0.278548524108985E+04    0.121037772365134E+05    0.951777723300348E+04
  3000.00000   -0.279591732635830E+04   -0.279591732725964E+04    0.121080944358263E+05    0.952209443233979E+04
