           1   2.86032732223615     
           2  8.937583556991045E-002
           3  8.559213955924329E-002
           4  4.144021041479920E-002
           5  7.100904216543885E-003
           6  1.782901213122666E-005
           7  1.752644047181827E-003
           8  1.267604419077272E-003
           9  5.216937093912596E-004
          10  1.265383825395376E-003
          11  1.752325569655251E-003
          12  1.556831769463146E-005
          13  7.100959142238684E-003
          14  4.143799040036553E-002
          15  8.559213955924327E-002
          16  5.462645366481768E-002
          17  8.570644734355220E-003
          18  5.462458642340232E-002
          19  1.436396953454923E-002
          20  1.723890244723763E-002
          21  6.666648769229911E-003
          22  1.394488847947195E-003
          23  3.129946644174489E-004
          24  6.859859235515760E-004
          25  2.464168502108441E-004
          26  6.875538837431523E-004
          27  3.143938360087245E-004
          28  1.389882180667729E-003
          29  6.666863090834889E-003
          30  1.724040085719486E-002
          31  1.436275199357095E-002
          32  1.005817304370694E-003
          33  5.373065153639983E-005
          34  1.005468282155894E-003
          35  2.107539668698648E-003
          36  5.061362491366546E-003
          37  1.909048601866167E-003
          38  3.062474824424851E-003
          39  1.458536291532716E-003
          40  1.508280807986911E-004
          41  4.084750200238553E-004
          42  1.523432780835683E-004
          43  1.459955709259291E-003
          44  3.067230515858427E-003
          45  1.910896589218474E-003
          46  5.059572992065186E-003
          47  2.109186627831753E-003
          48  1.033831227272726E-003
          49  4.497662509212739E-004
          50  1.035422966642698E-003
          51  1.704268904337101E-004
          52  8.704614892890287E-004
          53  4.000056225567483E-004
          54  7.268555951163236E-004
          55  1.698255076433670E-004
          56  7.069590172627159E-004
          57  3.152362832070385E-004
          58  7.072099667723067E-004
          59  1.660835535506112E-004
          60  7.278062785651650E-004
          61  4.022314138859678E-004
          62  8.688265593510329E-004
          63  1.706696223300062E-004
          64  1.960246257076502E-004
          65  4.499883028434473E-004
          66  1.931565404104321E-004
          67  1.705481550817910E-004
          68  4.223842414289855E-005
          69  4.029710811313559E-004
          70  2.308915635855347E-004
          71  1.703036584707671E-004
          72  7.329302799624312E-005
          73  3.174559421585836E-004
          74  7.325906357383608E-005
          75  1.660835535500097E-004
          76  2.242225189887161E-004
          77  4.004895875010523E-004
          78  3.552232083133366E-005
          79  1.709408422183748E-004
          80  1.034271532852347E-003
          81  5.373477886049664E-005
          82  1.035422205095849E-003
          83  2.110246512610716E-003
          84  8.703321952315663E-004
          85  1.910333515265188E-003
          86  7.303858124149495E-004
          87  1.457124183367441E-003
          88  7.086478028811712E-004
          89  4.084748390479748E-004
          90  7.103391992366342E-004
          91  1.461385399771024E-003
          92  7.295606338033631E-004
          93  1.912180312385819E-003
          94  8.688263608184412E-004
          95  2.107069422148155E-003
          96  1.003573254021602E-003
          97  8.569090469585535E-003
          98  1.005468478216367E-003
          99  1.436422067620598E-002
         100  5.060049304148541E-003
         101  6.665022783193410E-003
         102  3.065612830669928E-003
         103  3.126165427501490E-004
         104  1.541243978314036E-004
         105  2.464172502054070E-004
         106  1.554812402923930E-004
         107  3.126773093680616E-004
         108  3.065710892600447E-003
         109  6.669939012076232E-003
         110  5.062676335749026E-003
         111  1.436266826474979E-002
         112  5.462698259565847E-002
         113  8.937583559362110E-002
         114  5.462502727068592E-002
         115  8.559083513589819E-002
         116  1.724040082146285E-002
         117  7.099365558806095E-003
         118  1.392094360158708E-003
         119  1.752612708185649E-003
         120  6.859878992102561E-004
         121  5.239134912804901E-004
         122  6.859857439451151E-004
         123  1.752740197744707E-003
         124  1.390065682542058E-003
         125  7.099745115205801E-003
         126  1.724040084433507E-002
         127  8.559340976269900E-002
         128  5.462645366481768E-002
         129  8.570644734355220E-003
         130  5.462458642340232E-002
         131  1.436396953454923E-002
         132  1.723890244723763E-002
         133  6.666648769229911E-003
         134  1.394488847947195E-003
         135  3.129946644174489E-004
         136  6.859859235515760E-004
         137  2.464168502108441E-004
         138  6.875538837431523E-004
         139  3.143938360087245E-004
         140  1.389882180667729E-003
         141  6.666863090834889E-003
         142  1.724040085719486E-002
         143  1.436275199357095E-002
         144  1.721838889645112E-002
         145  2.258155135424461E-003
         146  1.721777947847818E-002
         147  5.702173754895362E-003
         148  2.837101135501393E-002
         149  1.066710849095408E-002
         150  1.262149047851262E-003
         151  4.697273205419431E-004
         152  3.115799571645929E-004
         153  1.842576447542559E-004
         154  3.123619196278325E-004
         155  4.703878380535037E-004
         156  1.259516507988312E-003
         157  1.066710849095632E-002
         158  2.837101135501433E-002
         159  5.700186861448049E-003
         160  7.888907416216959E-004
         161  3.205639024335968E-004
         162  7.907712181005441E-004
         163  4.780573716893825E-004
         164  4.632200471077826E-003
         165  1.276746192293741E-003
         166  3.293873124363445E-003
         167  1.282945782894996E-003
         168  2.229386538542517E-004
         169  3.352230659676546E-004
         170  2.210851004089498E-004
         171  1.282680700733587E-003
         172  3.292111632734169E-003
         173  1.276902513794480E-003
         174  4.628868682592601E-003
         175  4.780573716890230E-004
         176  6.100908955136402E-004
         177  2.646206175210792E-004
         178  6.077453610603208E-004
         179  5.642397548827348E-005
         180  5.737026927778243E-004
         181  3.331215181638375E-004
         182  5.540686280414458E-004
         183  1.571482773043299E-004
         184  5.953540081414439E-004
         185  2.797252338350739E-004
         186  5.955981557887739E-004
         187  1.551758576833777E-004
         188  5.515456839524980E-004
         189  3.348111715762143E-004
         190  5.728043037841540E-004
         191  5.763381544116964E-005
         192  1.711350480510074E-004
         193  2.641766231967864E-004
         194  1.704903519433316E-004
         195  5.642397548759653E-005
         196  1.250299370429206E-004
         197  3.331215181659191E-004
         198  2.232920691608193E-004
         199  1.568814852095903E-004
         200  5.401424083777761E-005
         201  2.797252338350739E-004
         202  5.225192628671335E-005
         203  1.568814852095996E-004
         204  2.176251668052419E-004
         205  3.330623360175782E-004
         206  1.268495748506794E-004
         207  5.881877552611978E-005
         208  6.102267108563654E-004
         209  3.210078967582205E-004
         210  6.113150495770023E-004
         211  4.790460095192316E-004
         212  5.746082539578009E-004
         213  1.276746192295536E-003
         214  5.538506650282345E-004
         215  1.284544718605615E-003
         216  5.984666353399383E-004
         217  3.374429892314778E-004
         218  5.972713907024396E-004
         219  1.287983457172775E-003
         220  5.537572260438872E-004
         221  1.275896703882211E-003
         222  5.731913424809164E-004
         223  4.797501983065636E-004
         224  7.902146080466697E-004
         225  2.261485092859635E-003
         226  7.906901948635480E-004
         227  5.700774314054274E-003
         228  4.630672435112542E-003
         229  1.066832927341121E-002
         230  3.295234379843146E-003
         231  4.700576953169103E-004
         232  2.236008493352765E-004
         233  1.864776163750585E-004
         234  2.229054924414513E-004
         235  4.710788154417882E-004
         236  3.292338419635085E-003
         237  1.066841981595088E-002
         238  4.628868682592063E-003
         239  5.699486940049917E-003
         240  1.721856849953849E-002
         241  8.570200452521649E-003
         242  1.721917794969069E-002
         243  1.436413695937717E-002
         244  2.837226332840098E-002
         245  6.666820212281916E-003
         246  1.259516507989623E-003
         247  3.130553576388155E-004
         248  3.130553576388389E-004
         249  2.442069691563814E-004
         250  3.123619196278325E-004
         251  3.130553576372012E-004
         252  1.259516507988312E-003
         253  6.667083740455966E-003
         254  2.837351524654769E-002
         255  1.436174744198487E-002
         256  1.005817304370694E-003
         257  5.373065153639983E-005
         258  1.005468282155894E-003
         259  2.107539668698648E-003
         260  5.061362491366546E-003
         261  1.909048601866167E-003
         262  3.062474824424851E-003
         263  1.458536291532716E-003
         264  1.508280807986911E-004
         265  4.084750200238553E-004
         266  1.523432780835683E-004
         267  1.459955709259291E-003
         268  3.067230515858427E-003
         269  1.910896589218474E-003
         270  5.059572992065186E-003
         271  2.109186627831753E-003
         272  7.888907416216959E-004
         273  3.205639024335968E-004
         274  7.907712181005441E-004
         275  4.780573716893825E-004
         276  4.632200471077826E-003
         277  1.276746192293741E-003
         278  3.293873124363445E-003
         279  1.282945782894996E-003
         280  2.229386538542517E-004
         281  3.352230659676546E-004
         282  2.210851004089498E-004
         283  1.282680700733587E-003
         284  3.292111632734169E-003
         285  1.276902513794480E-003
         286  4.628868682592601E-003
         287  4.780573716890230E-004
         288  4.011274337716143E-004
         289  2.108973042310186E-005
         290  4.027398095403539E-004
         291  5.098062243844499E-004
         292  1.989405495041699E-003
         293  5.390601268884781E-004
         294  3.661330221789474E-003
         295  1.534311991519186E-003
         296  3.670144209930725E-004
         297  3.352157151488272E-004
         298  3.681339524914555E-004
         299  1.538150398050591E-003
         300  3.658730107395985E-003
         301  5.438568021134928E-004
         302  1.989405495041699E-003
         303  5.081116909856115E-004
         304  8.704553746497786E-005
         305  1.620579285157896E-005
         306  8.680628410368971E-005
         307  3.586473918093525E-005
         308  2.226289552372280E-004
         309  7.905094207918137E-005
         310  3.189736931458451E-004
         311  9.532962431931804E-005
         312  5.177866687838033E-004
         313  1.953575028662098E-004
         314  5.179056296502156E-004
         315  9.297415023565295E-005
         316  3.183550769151876E-004
         317  7.083066385039319E-005
         318  2.208174428030821E-004
         319  3.424805416730537E-005
         320  4.511733920278427E-005
         321  1.576179852695523E-005
         322  4.451029264832203E-005
         323  3.565802426245332E-005
         324  8.438812679127845E-005
         325  7.773071423334226E-005
         326  1.751105961518617E-004
         327  9.679178111653723E-005
         328  6.600450154348567E-005
         329  1.953575028662098E-004
         330  6.441744108446275E-005
         331  9.447276978521960E-005
         332  1.717001313991803E-004
         333  7.093495445399793E-005
         334  8.686303879119443E-005
         335  3.620664146822152E-005
         336  8.874917917470433E-005
         337  2.131172758524830E-005
         338  8.801844546668083E-005
         339  5.115144136975353E-004
         340  2.252915755642121E-004
         341  5.414592251775777E-004
         342  3.158996999238496E-004
         343  1.535646014881385E-003
         344  5.179056296493362E-004
         345  3.352157151488272E-004
         346  5.195729644607158E-004
         347  1.540817040249180E-003
         348  3.171219945537911E-004
         349  5.436619403844599E-004
         350  2.208174428033682E-004
         351  5.135433059175363E-004
         352  4.019328974946286E-004
         353  3.196836219258911E-004
         354  4.027398095409960E-004
         355  4.776603118617504E-004
         356  1.989405495041699E-003
         357  1.275840695003771E-003
         358  3.662574418578548E-003
         359  1.284276129084749E-003
         360  3.670144209938090E-004
         361  3.352157151488272E-004
         362  3.682544173661578E-004
         363  1.283498821488685E-003
         364  3.657485950303611E-003
         365  1.273329356879000E-003
         366  1.989405495041855E-003
         367  4.797501983065636E-004
         368  7.904229151264338E-004
         369  5.483329910046189E-005
         370  7.892397207683753E-004
         371  2.107992521656225E-003
         372  4.630137077630350E-003
         373  1.907441423785401E-003
         374  3.292338419636068E-003
         375  1.458516288203093E-003
         376  2.210851004089498E-004
         377  4.084808112097182E-004
         378  2.198668682540670E-004
         379  1.461329940748780E-003
         380  3.292111632734236E-003
         381  1.912340304855925E-003
         382  4.628868682592679E-003
         383  2.109364422058257E-003
         384  1.033831227272726E-003
         385  4.497662509212739E-004
         386  1.035422966642698E-003
         387  1.704268904337101E-004
         388  8.704614892890287E-004
         389  4.000056225567483E-004
         390  7.268555951163236E-004
         391  1.698255076433670E-004
         392  7.069590172627159E-004
         393  3.152362832070385E-004
         394  7.072099667723067E-004
         395  1.660835535506112E-004
         396  7.278062785651650E-004
         397  4.022314138859678E-004
         398  8.688265593510329E-004
         399  1.706696223300062E-004
         400  6.100908955136402E-004
         401  2.646206175210792E-004
         402  6.077453610603208E-004
         403  5.642397548827348E-005
         404  5.737026927778243E-004
         405  3.331215181638375E-004
         406  5.540686280414458E-004
         407  1.571482773043299E-004
         408  5.953540081414439E-004
         409  2.797252338350739E-004
         410  5.955981557887739E-004
         411  1.551758576833777E-004
         412  5.515456839524980E-004
         413  3.348111715762143E-004
         414  5.728043037841540E-004
         415  5.763381544116964E-005
         416  8.704553746497786E-005
         417  1.620579285157896E-005
         418  8.680628410368971E-005
         419  3.586473918093525E-005
         420  2.226289552372280E-004
         421  7.905094207918137E-005
         422  3.189736931458451E-004
         423  9.532962431931804E-005
         424  5.177866687838033E-004
         425  1.953575028662098E-004
         426  5.179056296502156E-004
         427  9.297415023565295E-005
         428  3.183550769151876E-004
         429  7.083066385039319E-005
         430  2.208174428030821E-004
         431  3.424805416730537E-005
         432  1.531659764838898E-004
         433  7.126108911451817E-005
         434  1.512516047875186E-004
         435  3.076082914578872E-005
         436  8.586441589906245E-005
         437  6.345391922777614E-005
         438  2.195640598029402E-004
         439  1.997974461104620E-005
         440  4.352163637374425E-004
         441  1.531780420206679E-004
         442  4.385609988977462E-004
         443  2.296356503249429E-005
         444  2.180550105821937E-004
         445  6.831599729656889E-005
         446  8.520180523584414E-005
         447  3.337349136830376E-005
         448  2.706545120084514E-005
         449  7.037310046493981E-005
         450  2.673199826649776E-005
         451  3.209375745979377E-005
         452  4.439943246899156E-006
         453  6.487484877752528E-005
         454  1.789798342347254E-005
         455  2.296356503147072E-005
         456  4.002110759211245E-005
         457  1.531780420206679E-004
         458  4.008263123975617E-005
         459  2.296356503159867E-005
         460  1.705192559567639E-005
         461  6.831599729820319E-005
         462  3.139513977965811E-006
         463  3.076082914693490E-005
         464  1.525332147342559E-004
         465  1.620579285157896E-005
         466  1.525332147342559E-004
         467  3.337349136953628E-005
         468  8.954497089570076E-005
         469  7.769900682179403E-005
         470  2.190584488835182E-004
         471  9.532962431863998E-005
         472  4.347291705213468E-004
         473  1.953575028662098E-004
         474  4.361608705828471E-004
         475  9.410689876040958E-005
         476  2.180550105821937E-004
         477  7.227703957508702E-005
         478  8.672108242966438E-005
         479  3.613851978965734E-005
         480  8.839948189888711E-005
         481  2.637419720209162E-004
         482  8.748491033487693E-005
         483  5.642397548772672E-005
         484  2.226289552375052E-004
         485  3.348700446497607E-004
         486  3.189736931458451E-004
         487  1.581330525930093E-004
         488  5.161135632724120E-004
         489  2.797252338350739E-004
         490  5.175296199999045E-004
         491  1.551758576839647E-004
         492  3.183550769151876E-004
         493  3.338308855814026E-004
         494  2.208174428022239E-004
         495  5.763381543846776E-005
         496  6.098194165288783E-004
         497  4.502102452462285E-004
         498  6.088431539777588E-004
         499  1.709378150093473E-004
         500  5.749769361297996E-004
         501  4.008386074803364E-004
         502  5.540686280412814E-004
         503  1.696499932617123E-004
         504  5.953540081415869E-004
         505  3.152359705351340E-004
         506  5.975230027935167E-004
         507  1.659642233642055E-004
         508  5.534634579720028E-004
         509  3.990642132961718E-004
         510  5.740805412259975E-004
         511  1.742076673059920E-004
         512  1.960246257076502E-004
         513  4.499883028434473E-004
         514  1.931565404104321E-004
         515  1.705481550817910E-004
         516  4.223842414289855E-005
         517  4.029710811313559E-004
         518  2.308915635855347E-004
         519  1.703036584707671E-004
         520  7.329302799624312E-005
         521  3.174559421585836E-004
         522  7.325906357383608E-005
         523  1.660835535500097E-004
         524  2.242225189887161E-004
         525  4.004895875010523E-004
         526  3.552232083133366E-005
         527  1.709408422183748E-004
         528  1.711350480510074E-004
         529  2.641766231967864E-004
         530  1.704903519433316E-004
         531  5.642397548759653E-005
         532  1.250299370429206E-004
         533  3.331215181659191E-004
         534  2.232920691608193E-004
         535  1.568814852095903E-004
         536  5.401424083777761E-005
         537  2.797252338350739E-004
         538  5.225192628671335E-005
         539  1.568814852095996E-004
         540  2.176251668052419E-004
         541  3.330623360175782E-004
         542  1.268495748506794E-004
         543  5.881877552611978E-005
         544  4.511733920278427E-005
         545  1.576179852695523E-005
         546  4.451029264832203E-005
         547  3.565802426245332E-005
         548  8.438812679127845E-005
         549  7.773071423334226E-005
         550  1.751105961518617E-004
         551  9.679178111653723E-005
         552  6.600450154348567E-005
         553  1.953575028662098E-004
         554  6.441744108446275E-005
         555  9.447276978521960E-005
         556  1.717001313991803E-004
         557  7.093495445399793E-005
         558  8.686303879119443E-005
         559  3.620664146822152E-005
         560  2.706545120084514E-005
         561  7.037310046493981E-005
         562  2.673199826649776E-005
         563  3.209375745979377E-005
         564  4.439943246899156E-006
         565  6.487484877752528E-005
         566  1.789798342347254E-005
         567  2.296356503147072E-005
         568  4.002110759211245E-005
         569  1.531780420206679E-004
         570  4.008263123975617E-005
         571  2.296356503159867E-005
         572  1.705192559567639E-005
         573  6.831599729820319E-005
         574  3.139513977965811E-006
         575  3.076082914693490E-005
         576  2.748554388896613E-005
         577  6.904111749073771E-005
         578  2.682401918709289E-005
         579  3.209375745983954E-005
         580  3.329957435240541E-005
         581  6.626531628591168E-005
         582  1.775977298759662E-005
         583  2.296356503147072E-005
         584  4.229614007611508E-005
         585  1.531780420206679E-004
         586  4.451029264759593E-005
         587  2.370281073986848E-005
         588  1.553980136679402E-005
         589  6.942515380868606E-005
         590  3.329957435174367E-005
         591  3.076082914693490E-005
         592  2.575167083233856E-005
         593  1.642779001405627E-005
         594  2.673199826649776E-005
         595  3.565802426228852E-005
         596  5.437797720369149E-006
         597  7.773071423254849E-005
         598  1.803513472692096E-005
         599  9.421157832601301E-005
         600  4.002110759123148E-005
         601  1.953575028662098E-004
         602  4.008263123887655E-005
         603  9.793069601500765E-005
         604  1.631339316326870E-005
         605  6.938965129782158E-005
         606  2.219971620802600E-006
         607  3.613851978705570E-005
         608  4.445489711684506E-005
         609  2.632979934511122E-004
         610  4.439943246965330E-005
         611  5.698888112517862E-005
         612  8.441732178258413E-005
         613  3.358766445339391E-004
         614  1.765121760268030E-004
         615  1.568814852087194E-004
         616  6.755428729736772E-005
         617  2.797164245625878E-004
         618  6.441744108355053E-005
         619  1.549056685578476E-004
         620  1.716857794013227E-004
         621  3.338308855814026E-004
         622  8.874334829523863E-005
         623  5.776193819619271E-005
         624  1.715745107091841E-004
         625  4.499882480837512E-004
         626  1.686301901575520E-004
         627  1.709378150093473E-004
         628  1.277978875655986E-004
         629  4.037297791559417E-004
         630  2.232920691604245E-004
         631  1.701286373774252E-004
         632  5.442327332511797E-005
         633  3.174559421585836E-004
         634  5.442327332457810E-005
         635  1.659642233636037E-004
         636  2.148216884324610E-004
         637  4.008386074803364E-004
         638  1.316538631794365E-004
         639  1.723733274082298E-004
         640  1.034271532852347E-003
         641  5.373477886049664E-005
         642  1.035422205095849E-003
         643  2.110246512610716E-003
         644  8.703321952315663E-004
         645  1.910333515265188E-003
         646  7.303858124149495E-004
         647  1.457124183367441E-003
         648  7.086478028811712E-004
         649  4.084748390479748E-004
         650  7.103391992366342E-004
         651  1.461385399771024E-003
         652  7.295606338033631E-004
         653  1.912180312385819E-003
         654  8.688263608184412E-004
         655  2.107069422148155E-003
         656  6.102267108563654E-004
         657  3.210078967582205E-004
         658  6.113150495770023E-004
         659  4.790460095192316E-004
         660  5.746082539578009E-004
         661  1.276746192295536E-003
         662  5.538506650282345E-004
         663  1.284544718605615E-003
         664  5.984666353399383E-004
         665  3.374429892314778E-004
         666  5.972713907024396E-004
         667  1.287983457172775E-003
         668  5.537572260438872E-004
         669  1.275896703882211E-003
         670  5.731913424809164E-004
         671  4.797501983065636E-004
         672  8.874917917470433E-005
         673  2.131172758524830E-005
         674  8.801844546668083E-005
         675  5.115144136975353E-004
         676  2.252915755642121E-004
         677  5.414592251775777E-004
         678  3.158996999238496E-004
         679  1.535646014881385E-003
         680  5.179056296493362E-004
         681  3.352157151488272E-004
         682  5.195729644607158E-004
         683  1.540817040249180E-003
         684  3.171219945537911E-004
         685  5.436619403844599E-004
         686  2.208174428033682E-004
         687  5.135433059175363E-004
         688  1.525332147342559E-004
         689  1.620579285157896E-005
         690  1.525332147342559E-004
         691  3.337349136953628E-005
         692  8.954497089570076E-005
         693  7.769900682179403E-005
         694  2.190584488835182E-004
         695  9.532962431863998E-005
         696  4.347291705213468E-004
         697  1.953575028662098E-004
         698  4.361608705828471E-004
         699  9.410689876040958E-005
         700  2.180550105821937E-004
         701  7.227703957508702E-005
         702  8.672108242966438E-005
         703  3.613851978965734E-005
         704  2.575167083233856E-005
         705  1.642779001405627E-005
         706  2.673199826649776E-005
         707  3.565802426228852E-005
         708  5.437797720369149E-006
         709  7.773071423254849E-005
         710  1.803513472692096E-005
         711  9.421157832601301E-005
         712  4.002110759123148E-005
         713  1.953575028662098E-004
         714  4.008263123887655E-005
         715  9.793069601500765E-005
         716  1.631339316326870E-005
         717  6.938965129782158E-005
         718  2.219971620802600E-006
         719  3.613851978705570E-005
         720  1.553764467104799E-004
         721  2.086773326128630E-005
         722  1.563780535547877E-004
         723  5.135433059169784E-004
         724  8.954497089835849E-005
         725  5.412635002908817E-004
         726  2.200573116553981E-004
         727  1.536978880376235E-003
         728  4.347291705220633E-004
         729  3.352304166252781E-004
         730  4.399914313085915E-004
         731  1.543485461258812E-003
         732  2.200573116564128E-004
         733  5.434670087871839E-004
         734  9.123516208714800E-005
         735  5.135433059175363E-004
         736  8.863221068437194E-005
         737  3.196759137840184E-004
         738  8.748491033541429E-005
         739  4.807353548318140E-004
         740  2.226289552375052E-004
         741  1.277602830774311E-003
         742  3.159386994054188E-004
         743  1.284544718605847E-003
         744  5.175296199980254E-004
         745  3.352157151488272E-004
         746  5.195729644608288E-004
         747  1.287204559667832E-003
         748  3.165542535308335E-004
         749  1.273228722911051E-003
         750  2.218528172675875E-004
         751  4.784644023048333E-004
         752  6.098194165280688E-004
         753  5.527729342508563E-005
         754  6.088431539769481E-004
         755  2.110345472951604E-003
         756  5.765561639515633E-004
         757  1.910313637821879E-003
         758  5.535213337131149E-004
         759  1.457101505592443E-003
         760  5.987095136890804E-004
         761  4.084747787226633E-004
         762  6.006325948674326E-004
         763  1.459911133352048E-003
         764  5.534634579747952E-004
         765  1.910513563758619E-003
         766  5.740805412265298E-004
         767  2.109364422056972E-003
         768  1.003573254021602E-003
         769  8.569090469585535E-003
         770  1.005468478216367E-003
         771  1.436422067620598E-002
         772  5.060049304148541E-003
         773  6.665022783193410E-003
         774  3.065612830669928E-003
         775  3.126165427501490E-004
         776  1.541243978314036E-004
         777  2.464172502054070E-004
         778  1.554812402923930E-004
         779  3.126773093680616E-004
         780  3.065710892600447E-003
         781  6.669939012076232E-003
         782  5.062676335749026E-003
         783  1.436266826474979E-002
         784  7.902146080466697E-004
         785  2.261485092859635E-003
         786  7.906901948635480E-004
         787  5.700774314054274E-003
         788  4.630672435112542E-003
         789  1.066832927341121E-002
         790  3.295234379843146E-003
         791  4.700576953169103E-004
         792  2.236008493352765E-004
         793  1.864776163750585E-004
         794  2.229054924414513E-004
         795  4.710788154417882E-004
         796  3.292338419635085E-003
         797  1.066841981595088E-002
         798  4.628868682592063E-003
         799  5.699486940049917E-003
         800  4.019328974946286E-004
         801  3.196836219258911E-004
         802  4.027398095409960E-004
         803  4.776603118617504E-004
         804  1.989405495041699E-003
         805  1.275840695003771E-003
         806  3.662574418578548E-003
         807  1.284276129084749E-003
         808  3.670144209938090E-004
         809  3.352157151488272E-004
         810  3.682544173661578E-004
         811  1.283498821488685E-003
         812  3.657485950303611E-003
         813  1.273329356879000E-003
         814  1.989405495041855E-003
         815  4.797501983065636E-004
         816  8.839948189888711E-005
         817  2.637419720209162E-004
         818  8.748491033487693E-005
         819  5.642397548772672E-005
         820  2.226289552375052E-004
         821  3.348700446497607E-004
         822  3.189736931458451E-004
         823  1.581330525930093E-004
         824  5.161135632724120E-004
         825  2.797252338350739E-004
         826  5.175296199999045E-004
         827  1.551758576839647E-004
         828  3.183550769151876E-004
         829  3.338308855814026E-004
         830  2.208174428022239E-004
         831  5.763381543846776E-005
         832  4.445489711684506E-005
         833  2.632979934511122E-004
         834  4.439943246965330E-005
         835  5.698888112517862E-005
         836  8.441732178258413E-005
         837  3.358766445339391E-004
         838  1.765121760268030E-004
         839  1.568814852087194E-004
         840  6.755428729736772E-005
         841  2.797164245625878E-004
         842  6.441744108355053E-005
         843  1.549056685578476E-004
         844  1.716857794013227E-004
         845  3.338308855814026E-004
         846  8.874334829523863E-005
         847  5.776193819619271E-005
         848  8.863221068437194E-005
         849  3.196759137840184E-004
         850  8.748491033541429E-005
         851  4.807353548318140E-004
         852  2.226289552375052E-004
         853  1.277602830774311E-003
         854  3.159386994054188E-004
         855  1.284544718605847E-003
         856  5.175296199980254E-004
         857  3.352157151488272E-004
         858  5.195729644608288E-004
         859  1.287204559667832E-003
         860  3.165542535308335E-004
         861  1.273228722911051E-003
         862  2.218528172675875E-004
         863  4.784644023048333E-004
         864  4.020941643174235E-004
         865  2.262819253769895E-003
         866  4.027398095416379E-004
         867  5.700774314054691E-003
         868  1.989405495041699E-003
         869  1.066832927341121E-002
         870  3.661330221787924E-003
         871  4.725568239926522E-004
         872  3.681339524959090E-004
         873  1.887237035019636E-004
         874  3.694902523744338E-004
         875  4.710683536488445E-004
         876  3.657485950303223E-003
         877  1.066832927341266E-002
         878  1.991617696586745E-003
         879  5.698786932683146E-003
         880  7.902839874790428E-004
         881  8.568646472385300E-003
         882  7.892397207696708E-004
         883  1.436329995296491E-002
         884  4.628868682593536E-003
         885  6.668704228242304E-003
         886  3.295460951843524E-003
         887  3.115245925896088E-004
         888  2.217306057266921E-004
         889  2.442069691563753E-004
         890  2.217306057237505E-004
         891  3.113109512834951E-004
         892  3.292111632733762E-003
         893  6.668704228244196E-003
         894  4.628868682592141E-003
         895  1.436258453887268E-002
         896  5.462698259565847E-002
         897  8.937583559362110E-002
         898  5.462502727068592E-002
         899  8.559083513589819E-002
         900  1.724040082146285E-002
         901  7.099365558806095E-003
         902  1.392094360158708E-003
         903  1.752612708185649E-003
         904  6.859878992102561E-004
         905  5.239134912804901E-004
         906  6.859857439451151E-004
         907  1.752740197744707E-003
         908  1.390065682542058E-003
         909  7.099745115205801E-003
         910  1.724040084433507E-002
         911  8.559340976269900E-002
         912  1.721856849953849E-002
         913  8.570200452521649E-003
         914  1.721917794969069E-002
         915  1.436413695937717E-002
         916  2.837226332840098E-002
         917  6.666820212281916E-003
         918  1.259516507989623E-003
         919  3.130553576388155E-004
         920  3.130553576388389E-004
         921  2.442069691563814E-004
         922  3.123619196278325E-004
         923  3.130553576372012E-004
         924  1.259516507988312E-003
         925  6.667083740455966E-003
         926  2.837351524654769E-002
         927  1.436174744198487E-002
         928  7.904229151264338E-004
         929  5.483329910046189E-005
         930  7.892397207683753E-004
         931  2.107992521656225E-003
         932  4.630137077630350E-003
         933  1.907441423785401E-003
         934  3.292338419636068E-003
         935  1.458516288203093E-003
         936  2.210851004089498E-004
         937  4.084808112097182E-004
         938  2.198668682540670E-004
         939  1.461329940748780E-003
         940  3.292111632734236E-003
         941  1.912340304855925E-003
         942  4.628868682592679E-003
         943  2.109364422058257E-003
         944  6.098194165288783E-004
         945  4.502102452462285E-004
         946  6.088431539777588E-004
         947  1.709378150093473E-004
         948  5.749769361297996E-004
         949  4.008386074803364E-004
         950  5.540686280412814E-004
         951  1.696499932617123E-004
         952  5.953540081415869E-004
         953  3.152359705351340E-004
         954  5.975230027935167E-004
         955  1.659642233642055E-004
         956  5.534634579720028E-004
         957  3.990642132961718E-004
         958  5.740805412259975E-004
         959  1.742076673059920E-004
         960  1.715745107091841E-004
         961  4.499882480837512E-004
         962  1.686301901575520E-004
         963  1.709378150093473E-004
         964  1.277978875655986E-004
         965  4.037297791559417E-004
         966  2.232920691604245E-004
         967  1.701286373774252E-004
         968  5.442327332511797E-005
         969  3.174559421585836E-004
         970  5.442327332457810E-005
         971  1.659642233636037E-004
         972  2.148216884324610E-004
         973  4.008386074803364E-004
         974  1.316538631794365E-004
         975  1.723733274082298E-004
         976  6.098194165280688E-004
         977  5.527729342508563E-005
         978  6.088431539769481E-004
         979  2.110345472951604E-003
         980  5.765561639515633E-004
         981  1.910313637821879E-003
         982  5.535213337131149E-004
         983  1.457101505592443E-003
         984  5.987095136890804E-004
         985  4.084747787226633E-004
         986  6.006325948674326E-004
         987  1.459911133352048E-003
         988  5.534634579747952E-004
         989  1.910513563758619E-003
         990  5.740805412265298E-004
         991  2.109364422056972E-003
         992  7.902839874790428E-004
         993  8.568646472385300E-003
         994  7.892397207696708E-004
         995  1.436329995296491E-002
         996  4.628868682593536E-003
         997  6.668704228242304E-003
         998  3.295460951843524E-003
         999  3.115245925896088E-004
        1000  2.217306057266921E-004
        1001  2.442069691563753E-004
        1002  2.217306057237505E-004
        1003  3.113109512834951E-004
        1004  3.292111632733762E-003
        1005  6.668704228244196E-003
        1006  4.628868682592141E-003
        1007  1.436258453887268E-002
        1008  1.721956078499529E-002
        1009  8.937539162576442E-002
        1010  1.722184234410500E-002
        1011  8.559108917494365E-002
        1012  2.837735837269502E-002
        1013  7.098690692009344E-003
        1014  1.259516507989623E-003
        1015  1.750790722820498E-003
        1016  3.086399331313782E-004
        1017  5.216933315238858E-004
        1018  3.131576671718215E-004
        1019  1.754499627230744E-003
        1020  1.259516507988312E-003
        1021  7.098260937553432E-003
        1022  2.837735837269083E-002
        1023  8.559108917494443E-002
