 %xp=            1   2.8461107404800000E-012   1.0474039296000001E-012   6.9956845055999998E-015
 %xp=            2   2.0157700147200001E-008   2.0155900262400001E-008   7.1429137919999999E-015
 %xp=            3   2.0157700147200001E-008   1.0474045747199999E-012   2.0153300428799999E-008
 %xp=            4   2.8743966720000001E-012   2.0155900262400001E-008   2.0153300428799999E-008
 %xp=            5   4.0313193983999998E-008   1.0473158707200000E-012   6.8076900864000001E-015
 %xp=            6   6.0469645823999998E-008   2.0155248691200002E-008   6.4375589375999994E-015
 %xp=            7   6.0469194240000009E-008   1.5932328652800001E-012   2.0152100505600001E-008
 %xp=            8   4.0312710144000000E-008   2.0155448678400001E-008   2.0152848844799999E-008
 %xp=            9   8.0628000768000008E-008   1.9426056652800000E-012   5.9940195840000001E-015
 %xp=           10   1.0078848460800000E-007   2.0154548736000000E-008   5.6551509504000000E-015
 %xp=           11   1.0078748467199999E-007   3.1147512883199999E-012   2.0149900646400001E-008
 %xp=           12   8.0627387904000001E-008   2.0154448742400000E-008   2.0150900582400000E-008
 %xp=           13   1.2095000064000000E-007   3.4124493311999999E-012   5.0858035200000001E-015
 %xp=           14   1.4111348428800000E-007   2.0154900326399999E-008   4.6412545536000001E-015
 %xp=           15   1.4111300044799999E-007   5.1442997760000000E-012   2.0148349132800001E-008
 %xp=           16   1.2094948454399999E-007   2.0153848780799998E-008   2.0148800716800000E-008
 %xp=           17   1.6127600025599998E-007   4.8443576832000002E-012   4.5089146368000000E-015
 %xp=           18   1.8143948390399998E-007   2.0154900326399999E-008   4.6256587776000001E-015
 %xp=           19   1.8143948390399998E-007   8.0204995583999991E-012   2.0146300876799998E-008
 %xp=           20   1.6127600025599998E-007   2.0154800332799999E-008   2.0148600729600001E-008
 %xp=           21   2.0160399974400000E-007   4.8446641151999999E-012   4.9709044224000000E-015
 %xp=           22   2.2176799948800001E-007   2.0154548736000000E-008   5.3151211008000005E-015
 %xp=           23   2.2176851558399999E-007   5.1449223168000002E-012   2.0148000767999998E-008
 %xp=           24   2.0160451583999998E-007   2.0153848780799998E-008   2.0147649177599999E-008
 %xp=           25   2.4193151539200001E-007   3.4127944703999999E-012   5.5226465280000007E-015
 %xp=           26   2.6209199923199998E-007   2.0155248691200002E-008   6.0056865791999994E-015
 %xp=           27   2.6209299916800000E-007   3.1150877183999999E-012   2.0150600601600000E-008
 %xp=           28   2.4193199923199999E-007   2.0154448742400000E-008   2.0149400678399999E-008
 %xp=           29   2.8225051545600002E-007   1.9431107942399999E-012   6.4181408256000002E-015
 %xp=           30   3.0240751564799996E-007   2.0155900262400001E-008   6.7800047615999997E-015
 %xp=           31   3.0240799948799999E-007   1.5935596185600000E-012   2.0152748851200000E-008
 %xp=           32   2.8225099929600000E-007   2.0155448678400001E-008   2.0151900518399998E-008
 %xp=           33   2.8465645823999999E-012   4.0311452159999999E-008   6.7358495231999993E-015
 %xp=           34   2.0156848588799999E-008   6.0468162047999995E-008   6.4105800191999997E-015
 %xp=           35   2.0157200179200002E-008   4.0311000576000003E-008   2.0152748851200000E-008
 %xp=           36   3.3112558079999999E-012   6.0467613696000006E-008   2.0151900518399998E-008
 %xp=           37   4.0312387583999999E-008   4.0310807039999997E-008   6.4807400448000006E-015
 %xp=           38   6.0467097599999999E-008   6.0465807360000009E-008   5.7153890304000000E-015
 %xp=           39   6.0468000768000005E-008   4.0309000704000000E-008   2.0151000576000000E-008
 %xp=           40   4.0310387712000003E-008   6.0466484735999993E-008   2.0150900582400000E-008
 %xp=           41   8.0627065344000007E-008   4.0308484608000000E-008   5.8179244032000005E-015
 %xp=           42   1.0078648473600000E-007   6.0462936576000003E-008   4.8829648896000001E-015
 %xp=           43   1.0078648473600000E-007   4.0305904127999999E-008   2.0147849164800002E-008
 %xp=           44   8.0624065535999993E-008   6.0462388224000001E-008   2.0147000832000000E-008
 %xp=           45   1.2094948454399999E-007   4.0307065344000001E-008   4.8745492992000000E-015
 %xp=           46   1.4111200051200000E-007   6.0464742912000000E-008   4.1045760000000001E-015
 %xp=           47   1.4111248435200001E-007   4.0304807424000001E-008   2.0145600921599999E-008
 %xp=           48   1.2094800076799999E-007   6.0459710975999994E-008   2.0142501120000002E-008
 %xp=           49   1.6127600025599998E-007   4.0307484671999995E-008   4.3745812992000003E-015
 %xp=           50   1.8143999999999999E-007   6.0464904191999991E-008   4.0215845375999997E-015
 %xp=           51   1.8143999999999999E-007   4.0301904383999999E-008   2.0143549440000000E-008
 %xp=           52   1.6127548416000000E-007   6.0459646464000003E-008   2.0140001279999999E-008
 %xp=           53   2.0160451583999998E-007   4.0305646080000002E-008   4.7596340736000003E-015
 %xp=           54   2.2176999935999999E-007   6.0460807679999998E-008   4.5882450431999997E-015
 %xp=           55   2.2176951552000001E-007   4.0303904255999996E-008   2.0145949286400002E-008
 %xp=           56   2.0160551577600000E-007   6.0456485375999998E-008   2.0138801356800002E-008
 %xp=           57   2.4193251532800002E-007   4.0307000832000003E-008   5.3465287680000001E-015
 %xp=           58   2.6209451520000000E-007   6.0463646208000009E-008   5.1400742399999999E-015
 %xp=           59   2.6209399910400002E-007   4.0307452415999999E-008   2.0149500671999999E-008
 %xp=           60   2.4193499903999999E-007   6.0459291648000000E-008   2.0144449382400001E-008
 %xp=           61   2.8225151539199999E-007   4.0309903871999998E-008   6.0911843328000000E-015
 %xp=           62   3.0240851558399997E-007   6.0467291135999999E-008   6.1387554815999996E-015
 %xp=           63   3.0240851558399997E-007   4.0310452224000000E-008   2.0152200499200001E-008
 %xp=           64   2.8225451519999999E-007   6.0464613887999992E-008   2.0149400678399999E-008
 %xp=           65   3.5095785983999997E-012   8.0626839551999999E-008   6.0901650431999995E-015
 %xp=           66   2.0155348684799998E-008   1.0078748467199999E-007   5.7417454080000001E-015
 %xp=           67   2.0155648665600001E-008   8.0626194431999997E-008   2.0150600601600000E-008
 %xp=           68   4.3056889343999999E-012   1.0078700083200001E-007   2.0149400678399999E-008
 %xp=           69   4.0309613567999999E-008   8.0625839615999994E-008   5.7589894655999999E-015
 %xp=           70   6.0463452671999996E-008   1.0078500096000000E-007   5.1748655615999997E-015
 %xp=           71   6.0463388159999992E-008   8.0622807551999998E-008   2.0146849228800000E-008
 %xp=           72   4.0306258944000002E-008   1.0078600089599999E-007   2.0147349196799999E-008
 %xp=           73   8.0623646207999999E-008   8.0622549503999994E-008   5.0028862463999995E-015
 %xp=           74   1.0078500096000000E-007   1.0078600089599999E-007   4.3073662464000004E-015
 %xp=           75   1.0078248499199999E-007   8.0619001343999991E-008   2.0140501248000002E-008
 %xp=           76   8.0619291648000003E-008   1.0078200115200000E-007   2.0139849676800000E-008
 %xp=           77   1.2094748467200001E-007   8.0624484864000000E-008   3.9677815295999999E-015
 %xp=           78   1.4111300044799999E-007   1.0079200051200000E-007   3.4089140735999999E-015
 %xp=           79   1.4111000063999999E-007   8.0621904383999993E-008   2.0138601369600002E-008
 %xp=           80   1.2094600089599998E-007   1.0078500096000000E-007   2.0138101401600000E-008
 %xp=           81   1.6127600025599998E-007   8.0628291072000007E-008   3.5506404864000001E-015
 %xp=           82   1.8143999999999999E-007   1.0079400038400000E-007   3.3602107391999997E-015
 %xp=           83   1.8144051609600002E-007   8.0623001087999997E-008   2.0138849740799998E-008
 %xp=           84   1.6127600025599998E-007   1.0079048447999999E-007   2.0141849548799999E-008
 %xp=           85   2.0160499967999999E-007   8.0625000959999993E-008   4.0272035328000001E-015
 %xp=           86   2.2176899942400000E-007   1.0078648473600000E-007   4.0339805184000000E-015
 %xp=           87   2.2177351526400000E-007   8.0616001536000003E-008   2.0136001536000000E-008
 %xp=           88   2.0160551577600000E-007   1.0078648473600000E-007   2.0138901350399998E-008
 %xp=           89   2.4193551513599997E-007   8.0620259327999999E-008   4.4206493183999999E-015
 %xp=           90   2.6209851494400002E-007   1.0078300108800000E-007   4.5468444672000001E-015
 %xp=           91   2.6209899878400000E-007   8.0619646463999993E-008   2.0143901030399999E-008
 %xp=           92   2.4193899878400001E-007   1.0077948518400001E-007   2.0135101593600002E-008
 %xp=           93   2.8225499903999997E-007   8.0623936511999998E-008   5.1729398784000008E-015
 %xp=           94   3.0241151539199998E-007   1.0078648473600000E-007   5.3411839487999996E-015
 %xp=           95   3.0241151539199998E-007   8.0624936448000002E-008   2.0149500671999999E-008
 %xp=           96   2.8225951488000002E-007   1.0078348492800001E-007   2.0144449382400001E-008
 %xp=           97   4.1889705984000001E-012   1.2095048447999998E-007   5.3039347200000001E-015
 %xp=           98   2.0153948774400001E-008   1.4111448422399999E-007   5.2456190976000007E-015
 %xp=           99   2.0153648793599998E-008   1.2095000064000000E-007   2.0148000767999998E-008
 %xp=          100   4.9018281984000001E-012   1.4111448422399999E-007   2.0147649177599999E-008
 %xp=          101   4.0306710527999998E-008   1.2094948454399999E-007   5.2067215872000006E-015
 %xp=          102   6.0464001023999999E-008   1.4111448422399999E-007   4.7666884608000001E-015
 %xp=          103   6.0458840063999997E-008   1.2094748467200001E-007   2.0140701235200001E-008
 %xp=          104   4.0302452736000002E-008   1.4111400038400001E-007   2.0143049472000000E-008
 %xp=          105   8.0623355904000000E-008   1.2094948454399999E-007   4.4785714175999998E-015
 %xp=          106   1.0079100057599999E-007   1.4111600025599999E-007   4.1102659583999995E-015
 %xp=          107   1.0078300108800000E-007   1.2094848460800000E-007   2.0138201395199999E-008
 %xp=          108   8.0621097984000000E-008   1.4111348428800000E-007   2.0138701363199998E-008
 %xp=          109   1.2095200051200001E-007   1.2095400038400002E-007   3.6974085120000004E-015
 %xp=          110   1.4111900006400002E-007   1.4111948390400000E-007   3.0392051558400000E-015
 %xp=          111   1.4111400038400001E-007   1.2095448422400000E-007   2.0145200947200000E-008
 %xp=          112   1.2095400038400002E-007   1.4111648409600000E-007   2.0145900902399999E-008
 %xp=          113   1.6127800012799999E-007   1.2095948390400001E-007   3.0082735872000002E-015
 %xp=          114   1.8143848396800002E-007   1.4112151603200001E-007   2.8938899404800000E-015
 %xp=          115   1.8143948390399998E-007   1.2095748403200000E-007   2.0148249139200001E-008
 %xp=          116   1.6127900006400001E-007   1.4112051609599999E-007   2.0155200307199999E-008
 %xp=          117   2.0160151603199998E-007   1.2095648409600001E-007   3.3907991040000000E-015
 %xp=          118   2.2176251596800001E-007   1.4111700019200001E-007   3.6494406143999998E-015
 %xp=          119   2.2176951552000001E-007   1.2094900070400001E-007   2.0139301324800001E-008
 %xp=          120   2.0160000000000001E-007   1.4111848396799998E-007   2.0150700595200000E-008
 %xp=          121   2.4193199923199999E-007   1.2094948454399999E-007   4.0508407296000002E-015
 %xp=          122   2.6209399910400002E-007   1.4111400038400001E-007   4.2176107007999998E-015
 %xp=          123   2.6210251468799998E-007   1.2094548480000000E-007   2.0136001536000000E-008
 %xp=          124   2.4193251532800002E-007   1.4111348428800000E-007   2.0138901350399998E-008
 %xp=          125   2.8225799884800003E-007   1.2094848460800000E-007   4.6836292607999997E-015
 %xp=          126   3.0241299916799998E-007   1.4111448422399999E-007   5.0045345280000002E-015
 %xp=          127   3.0241499903999996E-007   1.2094948454399999E-007   2.0145949286400002E-008
 %xp=          128   2.8226199859199999E-007   1.4111300044799999E-007   2.0138801356800002E-008
 %xp=          129   3.8518728192000004E-012   1.6127900006400001E-007   4.9582891008000001E-015
 %xp=          130   2.0153948774400001E-008   1.8144299980799999E-007   4.9498444800000000E-015
 %xp=          131   2.0150748979200000E-008   1.6127900006400001E-007   2.0146300876799998E-008
 %xp=          132   3.9612754943999999E-012   1.8144299980799999E-007   2.0148600729600001E-008
 %xp=          133   4.0307258880000000E-008   1.6127900006400001E-007   4.8837358079999993E-015
 %xp=          134   6.0465839615999991E-008   1.8144299980799999E-007   4.5134562815999997E-015
 %xp=          135   6.0460807679999998E-008   1.6127900006400001E-007   2.0140601241599998E-008
 %xp=          136   4.0303388160000002E-008   1.8144351590400002E-007   2.0144001024000002E-008
 %xp=          137   8.0629258751999990E-008   1.6127848396800000E-007   4.5503764991999998E-015
 %xp=          138   1.0079448422400000E-007   1.8144099993600001E-007   3.9167847936000003E-015
 %xp=          139   1.0079148441600001E-007   1.6127848396800000E-007   2.0143849420799999E-008
 %xp=          140   8.0624259072000005E-008   1.8144299980799999E-007   2.0139901286400000E-008
 %xp=          141   1.2095900006400000E-007   1.6127900006400001E-007   3.3938989055999997E-015
 %xp=          142   1.4112199987199999E-007   1.8143848396800002E-007   2.6520199372799998E-015
 %xp=          143   1.4112051609599999E-007   1.6127900006400001E-007   2.0155648665600001E-008
 %xp=          144   1.2095800012799998E-007   1.8143999999999999E-007   2.0148849100800000E-008
 %xp=          145   1.6128051609600001E-007   1.6128000000000000E-007   2.3966575718400001E-015
 %xp=          146   1.8143848396800002E-007   1.8143848396800002E-007   2.4845348505600002E-015
 %xp=          147   1.8143848396800002E-007   1.6128051609600001E-007   2.0160251596800003E-008
 %xp=          148   1.6128099993600002E-007   1.8143800012800001E-007   2.0159700019200000E-008
 %xp=          149   2.0159748403199999E-007   1.6128000000000000E-007   3.0602950963199999E-015
 %xp=          150   2.2175948390399999E-007   1.8144099993600001E-007   3.2630105087999998E-015
 %xp=          151   2.2176151603199999E-007   1.6127900006400001E-007   2.0148249139200001E-008
 %xp=          152   2.0159800012800002E-007   1.8143999999999999E-007   2.0155200307199999E-008
 %xp=          153   2.4192499967999997E-007   1.6127900006400001E-007   3.7761389568000000E-015
 %xp=          154   2.6209051545600003E-007   1.8144299980799999E-007   4.0160752127999999E-015
 %xp=          155   2.6209551513600001E-007   1.6127848396800000E-007   2.0138849740799998E-008
 %xp=          156   2.4192851558400000E-007   1.8144299980799999E-007   2.0141849548799999E-008
 %xp=          157   2.8225399910400001E-007   1.6127848396800000E-007   4.5845839871999999E-015
 %xp=          158   3.0241099929599999E-007   1.8144299980799999E-007   4.7439963647999997E-015
 %xp=          159   3.0241699891200000E-007   1.6127900006400001E-007   2.0143549440000000E-008
 %xp=          160   2.8225899878399999E-007   1.8144351590400002E-007   2.0140001279999999E-008
 %xp=          161   3.8524502015999999E-012   2.0160551577600000E-007   5.0011637759999998E-015
 %xp=          162   2.0155348684799998E-008   2.2176899942400000E-007   5.4738754560000001E-015
 %xp=          163   2.0153648793599998E-008   2.0160599961599998E-007   2.0148349132800001E-008
 %xp=          164   4.9027765247999999E-012   2.2176899942400000E-007   2.0148800716800000E-008
 %xp=          165   4.0307065344000001E-008   2.0160651571200001E-007   4.9085245440000008E-015
 %xp=          166   6.0463452671999996E-008   2.2177051545600002E-007   5.0676014591999999E-015
 %xp=          167   6.0459743232000002E-008   2.0160799948800002E-007   2.0140349644799999E-008
 %xp=          168   4.0305646080000002E-008   2.2176999935999999E-007   2.0146749235200000E-008
 %xp=          169   8.0627258880000006E-008   2.0160599961599998E-007   4.4150561280000005E-015
 %xp=          170   1.0078900070400000E-007   2.2176799948800001E-007   4.2855353856000004E-015
 %xp=          171   1.0078900070400000E-007   2.0160551577600000E-007   2.0140801228800001E-008
 %xp=          172   8.0619710975999997E-008   2.2177251532800001E-007   2.0137901414400000E-008
 %xp=          173   1.2095748403200000E-007   2.0160099993600000E-007   3.2907603455999999E-015
 %xp=          174   1.4111748403199999E-007   2.2176151603199999E-007   3.2031601459200001E-015
 %xp=          175   1.4111948390400000E-007   2.0159948390399997E-007   2.0151100569599999E-008
 %xp=          176   1.2095148441600000E-007   2.2176699955200002E-007   2.0141101209600001E-008
 %xp=          177   1.6128051609600001E-007   2.0159700019200000E-007   2.5739236454399997E-015
 %xp=          178   1.8143999999999999E-007   2.2175948390399999E-007   3.0578249318399999E-015
 %xp=          179   1.8143948390399998E-007   2.0159800012800002E-007   2.0155700275200001E-008
 %xp=          180   1.6127900006400001E-007   2.2176099993600001E-007   2.0148849100800000E-008
 %xp=          181   2.0159900006399999E-007   2.0160000000000001E-007   2.9571749222399999E-015
 %xp=          182   2.2176451583999999E-007   2.2176699955200002E-007   3.8247261696000002E-015
 %xp=          183   2.2176399974400001E-007   2.0160499967999999E-007   2.0145200947200000E-008
 %xp=          184   2.0160251596800000E-007   2.2176499967999998E-007   2.0145900902399999E-008
 %xp=          185   2.4192651571200002E-007   2.0160551577600000E-007   3.6408443904000000E-015
 %xp=          186   2.6209451520000000E-007   2.2177099929600001E-007   4.5185236991999996E-015
 %xp=          187   2.6209651507200003E-007   2.0160851558400000E-007   2.0138601369600002E-008
 %xp=          188   2.4193351526399999E-007   2.2177251532800001E-007   2.0138101401600000E-008
 %xp=          189   2.8225399910400001E-007   2.0160699955200000E-007   4.6094049791999998E-015
 %xp=          190   3.0241151539199998E-007   2.2176899942400000E-007   5.2327908863999995E-015
 %xp=          191   3.0241399910400000E-007   2.0160599961599998E-007   2.0145600921599999E-008
 %xp=          192   2.8225899878399999E-007   2.2177099929600001E-007   2.0142501120000002E-008
 %xp=          193   4.1901027839999998E-012   2.4193051545600004E-007   5.9861813759999998E-015
 %xp=          194   2.0156848588799999E-008   2.6209051545600003E-007   6.4996485119999999E-015
 %xp=          195   2.0155648665600001E-008   2.4193151539200001E-007   2.0149900646400001E-008
 %xp=          196   4.3068695039999998E-012   2.6209099929600001E-007   2.0150900582400000E-008
 %xp=          197   4.0308903936000000E-008   2.4193151539200001E-007   5.6505157631999994E-015
 %xp=          198   6.0465742848000005E-008   2.6209299916800000E-007   5.6700887039999997E-015
 %xp=          199   6.0461839871999998E-008   2.4193399910400003E-007   2.0145200947200000E-008
 %xp=          200   4.0309387775999998E-008   2.6209251532800001E-007   2.0149900646400001E-008
 %xp=          201   8.0622936576000006E-008   2.4193399910400003E-007   4.9550247936000004E-015
 %xp=          202   1.0078500096000000E-007   2.6209599897600000E-007   4.7827100160000003E-015
 %xp=          203   1.0078200115200000E-007   2.4193651507199999E-007   2.0137101465600001E-008
 %xp=          204   8.0621839872000002E-008   2.6209699891200002E-007   2.0144600985600001E-008
 %xp=          205   1.2095048447999998E-007   2.4192999936000001E-007   4.0809904127999995E-015
 %xp=          206   1.4111300044799999E-007   2.6209151539200000E-007   4.0364255232000001E-015
 %xp=          207   1.4111300044799999E-007   2.4192999936000001E-007   2.0140801228800001E-008
 %xp=          208   1.2094648473600002E-007   2.6209899878400000E-007   2.0137901414400000E-008
 %xp=          209   1.6127800012799999E-007   2.4192399974400000E-007   3.3060754944000002E-015
 %xp=          210   1.8143999999999999E-007   2.6208951552000001E-007   3.9877415423999998E-015
 %xp=          211   1.8144051609600002E-007   2.4192699955200001E-007   2.0143849420799999E-008
 %xp=          212   1.6127600025599998E-007   2.6209451520000000E-007   2.0139901286400000E-008
 %xp=          213   2.0160299980800001E-007   2.4192751564799999E-007   3.7744035839999998E-015
 %xp=          214   2.2176899942400000E-007   2.6209551513600001E-007   4.5093146112000001E-015
 %xp=          215   2.2177051545600002E-007   2.4193599897600001E-007   2.0138201395199999E-008
 %xp=          216   2.0160499967999999E-007   2.6209751500800000E-007   2.0138701363199998E-008
 %xp=          217   2.4193251532800002E-007   2.4193399910400003E-007   4.5272812032000003E-015
 %xp=          218   2.6209599897600000E-007   2.6209499903999998E-007   5.0420805119999998E-015
 %xp=          219   2.6209951487999998E-007   2.4193599897600001E-007   2.0140501248000002E-008
 %xp=          220   2.4193651507199999E-007   2.6209951487999998E-007   2.0139849676800000E-008
 %xp=          221   2.8225599897599999E-007   2.4193251532800002E-007   5.1274234367999993E-015
 %xp=          222   3.0240999935999998E-007   2.6209151539200000E-007   6.0990806015999996E-015
 %xp=          223   3.0241299916799998E-007   2.4193199923199999E-007   2.0147849164800002E-008
 %xp=          224   2.8225651507200002E-007   2.6209499903999998E-007   2.0147000832000000E-008
 %xp=          225   3.5102301695999999E-012   2.8224899942399997E-007   6.7008485375999998E-015
 %xp=          226   2.0157700147200001E-008   3.0240551577599997E-007   6.9189861888000005E-015
 %xp=          227   2.0157200179200002E-008   2.8224951552000000E-007   2.0152100505600001E-008
 %xp=          228   3.3111816191999999E-012   3.0240599961600001E-007   2.0152848844799999E-008
 %xp=          229   4.0311742463999998E-008   2.8224951552000000E-007   6.4452713472000002E-015
 %xp=          230   6.0468936192000005E-008   3.0240699955200003E-007   6.3042545663999999E-015
 %xp=          231   6.0466549247999997E-008   2.8225251532800000E-007   2.0149800652799998E-008
 %xp=          232   4.0312290816000000E-008   3.0240651571199999E-007   2.0152400486400000E-008
 %xp=          233   8.0625549311999996E-008   2.8225299916799999E-007   5.5803363840000006E-015
 %xp=          234   1.0078748467199999E-007   3.0240951551999999E-007   5.3739108863999998E-015
 %xp=          235   1.0078448486400000E-007   2.8225699891200001E-007   2.0145200947200000E-008
 %xp=          236   8.0626291199999997E-008   3.0240951551999999E-007   2.0149900646400001E-008
 %xp=          237   1.2094800076799999E-007   2.8225499903999997E-007   4.5272263680000000E-015
 %xp=          238   1.4111248435200001E-007   3.0241199923199996E-007   4.4098951680000004E-015
 %xp=          239   1.4111048448000000E-007   2.8225899878399999E-007   2.0140349644799999E-008
 %xp=          240   1.2094848460800000E-007   3.0241299916799998E-007   2.0146749235200000E-008
 %xp=          241   1.6127600025599998E-007   2.8225251532800000E-007   4.2090306048000005E-015
 %xp=          242   1.8143948390399998E-007   3.0241151539199998E-007   4.3269198335999996E-015
 %xp=          243   1.8143999999999999E-007   2.8225799884800003E-007   2.0140601241599998E-008
 %xp=          244   1.6127548416000000E-007   3.0241551513599999E-007   2.0144001024000002E-008
 %xp=          245   2.0160451583999998E-007   2.8225451519999999E-007   4.5866257920000000E-015
 %xp=          246   2.2176899942400000E-007   3.0241199923199996E-007   5.0792039423999999E-015
 %xp=          247   2.2177151539199999E-007   2.8225999872000001E-007   2.0140701235200001E-008
 %xp=          248   2.0160499967999999E-007   3.0241651507200001E-007   2.0143049472000000E-008
 %xp=          249   2.4193399910400003E-007   2.8225499903999997E-007   4.9981091327999999E-015
 %xp=          250   2.6209299916800000E-007   3.0240899942400001E-007   5.7289236479999995E-015
 %xp=          251   2.6209599897600000E-007   2.8225551513600000E-007   2.0146849228800000E-008
 %xp=          252   2.4193299916800001E-007   3.0241251532799999E-007   2.0147349196799999E-008
 %xp=          253   2.8225299916799999E-007   2.8225151539199999E-007   5.8591991808000008E-015
 %xp=          254   3.0240799948799999E-007   3.0240651571199999E-007   6.6471584256000005E-015
 %xp=          255   3.0240999935999998E-007   2.8225099929600000E-007   2.0151000576000000E-008
 %xp=          256   2.8225251532800000E-007   3.0240851558399997E-007   2.0150900582400000E-008
 %xp=          257   3.4042434047999998E-012   1.5934293043200000E-012   4.0307452415999999E-008
 %xp=          258   2.0157200179200002E-008   2.0155348684799998E-008   4.0307452415999999E-008
 %xp=          259   2.0156848588799999E-008   1.9426211481600001E-012   6.0463613952000000E-008
 %xp=          260   3.8107560959999997E-012   2.0154948710399999E-008   6.0463484928000005E-008
 %xp=          261   4.0311839231999997E-008   1.5931138406399999E-012   4.0306807296000004E-008
 %xp=          262   6.0467549184000002E-008   2.0154148761600000E-008   4.0305097728000000E-008
 %xp=          263   6.0465388032000002E-008   3.1629688473600001E-012   6.0460807679999998E-008
 %xp=          264   4.0309903871999998E-008   2.0153948774400001E-008   6.0462388224000001E-008
 %xp=          265   8.0625710591999999E-008   3.1632646348800002E-012   4.0303452672000000E-008
 %xp=          266   1.0078600089599999E-007   2.0152500480000000E-008   4.0301291520000000E-008
 %xp=          267   1.0078400102400000E-007   6.6318819840000003E-012   6.0456743424000001E-008
 %xp=          268   8.0623097855999997E-008   2.0151548928000002E-008   6.0458162688000000E-008
 %xp=          269   1.2094848460800000E-007   6.0956872703999996E-012   4.0300356095999999E-008
 %xp=          270   1.4111200051200000E-007   2.0152148889600001E-008   4.0300162560000000E-008
 %xp=          271   1.4111148441600002E-007   1.3646845900799999E-011   6.0458614272000003E-008
 %xp=          272   1.2094748467200001E-007   2.0149600665599999E-008   6.0456162816000004E-008
 %xp=          273   1.6127600025599998E-007   1.1179258675200000E-011   4.0300291584000001E-008
 %xp=          274   1.8143999999999999E-007   2.0152148889600001E-008   4.0303097856000003E-008
 %xp=          275   1.8143999999999999E-007   1.1579594342399999E-011   6.0463646208000009E-008
 %xp=          276   1.6127648409600002E-007   2.0150800588800000E-008   6.0464259072000002E-008
 %xp=          277   2.0160451583999998E-007   1.1179687680000000E-011   4.0298452991999996E-008
 %xp=          278   2.2176999935999999E-007   2.0152500480000000E-008   4.0299259392000001E-008
 %xp=          279   2.2177051545600002E-007   1.3647229747200000E-011   6.0454646783999992E-008
 %xp=          280   2.0160451583999998E-007   2.0149600665599999E-008   6.0461097983999997E-008
 %xp=          281   2.4193351526399999E-007   6.0960646656000003E-012   4.0300291584000001E-008
 %xp=          282   2.6209451520000000E-007   2.0154148761600000E-008   4.0302839808000000E-008
 %xp=          283   2.6209699891200002E-007   6.6320948735999999E-012   6.0457453055999994E-008
 %xp=          284   2.4193551513599997E-007   2.0151548928000002E-008   6.0455743487999996E-008
 %xp=          285   2.8225299916799999E-007   3.1634988134399996E-012   4.0304839679999996E-008
 %xp=          286   3.0240899942400001E-007   2.0155348684799998E-008   4.0306549248000001E-008
 %xp=          287   3.0241051545600001E-007   3.1634762342400000E-012   6.0462291456000001E-008
 %xp=          288   2.8225551513600000E-007   2.0153948774400001E-008   6.0460356095999996E-008
 %xp=          289   3.4041627648000002E-012   4.0310000639999998E-008   4.0306549248000001E-008
 %xp=          290   2.0155600281599998E-008   6.0466000895999995E-008   4.0304839679999996E-008
 %xp=          291   2.0155600281599998E-008   4.0308162047999999E-008   6.0462291456000001E-008
 %xp=          292   4.7929029119999996E-012   6.0463646208000009E-008   6.0460356095999996E-008
 %xp=          293   4.0310387712000003E-008   4.0308807168000000E-008   4.0305355775999997E-008
 %xp=          294   6.0462614015999995E-008   6.0461291519999996E-008   4.0299743231999999E-008
 %xp=          295   6.0462355968000005E-008   4.0303259136000001E-008   6.0457743359999993E-008
 %xp=          296   4.0304388096000000E-008   6.0460743168000007E-008   6.0457453055999994E-008
 %xp=          297   8.0623742975999998E-008   4.0304162303999999E-008   4.0300356095999999E-008
 %xp=          298   1.0078100121600000E-007   6.0453098495999998E-008   4.0290388991999999E-008
 %xp=          299   1.0078100121600000E-007   4.0294485503999998E-008   6.0450388991999996E-008
 %xp=          300   8.0613550080000004E-008   6.0449001984000006E-008   6.0446356991999994E-008
 %xp=          301   1.2094748467200001E-007   4.0299001343999998E-008   4.0294937088000001E-008
 %xp=          302   1.4111048448000000E-007   6.0446937599999992E-008   4.0284260352000002E-008
 %xp=          303   1.4111148441600002E-007   4.0286711808000001E-008   6.0448808447999993E-008
 %xp=          304   1.2094000128000000E-007   6.0433261055999998E-008   6.0433454591999997E-008
 %xp=          305   1.6127600025599998E-007   4.0296453119999999E-008   4.0295614463999998E-008
 %xp=          306   1.8143999999999999E-007   6.0438938112000006E-008   4.0276647935999995E-008
 %xp=          307   1.8143999999999999E-007   4.0288743935999999E-008   6.0453840384000000E-008
 %xp=          308   1.6127400038400000E-007   6.0428745215999999E-008   6.0433809408000000E-008
 %xp=          309   2.0160551577600000E-007   4.0293904896000001E-008   4.0293033983999997E-008
 %xp=          310   2.2177451519999999E-007   6.0446453760000007E-008   4.0285034495999999E-008
 %xp=          311   2.2177351526400000E-007   4.0287485951999998E-008   6.0448292352000000E-008
 %xp=          312   2.0161099929600002E-007   6.0421455360000006E-008   6.0426487295999999E-008
 %xp=          313   2.4193499903999999E-007   4.0301259263999998E-008   4.0297195008000001E-008
 %xp=          314   2.6209999872000002E-007   6.0457098240000004E-008   4.0295711231999998E-008
 %xp=          315   2.6209999872000002E-007   4.0299807744000003E-008   6.0454388736000002E-008
 %xp=          316   2.4194599833599998E-007   6.0439712255999990E-008   6.0439905792000002E-008
 %xp=          317   2.8225399910400001E-007   4.0307194367999996E-008   4.0303388160000002E-008
 %xp=          318   3.0241151539199998E-007   6.0464549376000001E-008   4.0303388160000002E-008
 %xp=          319   3.0241199923199996E-007   4.0306904063999997E-008   6.0461001215999997E-008
 %xp=          320   2.8226251468800002E-007   6.0456259584000003E-008   6.0453614592000005E-008
 %xp=          321   4.5972025344000002E-012   8.0624452608000004E-008   4.0302839808000000E-008
 %xp=          322   2.0152700467200000E-008   1.0078548479999999E-007   4.0300291584000001E-008
 %xp=          323   2.0152148889600001E-008   8.0621710848000007E-008   6.0457453055999994E-008
 %xp=          324   7.2050775552000003E-012   1.0078300108800000E-007   6.0455743487999996E-008
 %xp=          325   4.0305000960000000E-008   8.0622355968000008E-008   4.0299839999999999E-008
 %xp=          326   6.0452743680000008E-008   1.0077948518400001E-007   4.0289292288000001E-008
 %xp=          327   6.0449389055999991E-008   8.0611905023999997E-008   6.0445808640000005E-008
 %xp=          328   4.0292711423999997E-008   1.0077948518400001E-007   6.0448808447999993E-008
 %xp=          329   8.0615001599999998E-008   8.0613937152000002E-008   4.0288550400000000E-008
 %xp=          330   1.0077200179200000E-007   1.0077000191999999E-007   4.0273712639999998E-008
 %xp=          331   1.0076548607999999E-007   8.0592357887999996E-008   6.0424745471999993E-008
 %xp=          332   8.0593164288000002E-008   1.0076248627199999E-007   6.0423487487999998E-008
 %xp=          333   1.2094148505600000E-007   8.0605357055999993E-008   4.0276938240000000E-008
 %xp=          334   1.4110400102400001E-007   1.0077500160000000E-007   4.0274260992000000E-008
 %xp=          335   1.4110300108799999E-007   8.0577004032000000E-008   6.0410198016000002E-008
 %xp=          336   1.2092348620800000E-007   1.0074100377600001E-007   6.0399005184000003E-008
 %xp=          337   1.6127300044800000E-007   8.0604486143999996E-008   4.0271938560000002E-008
 %xp=          338   1.8144151603199999E-007   1.0077800140799999E-007   4.0278196224000002E-008
 %xp=          339   1.8144151603199999E-007   8.0556295680000004E-008   6.0389747711999996E-008
 %xp=          340   1.6126500095999999E-007   1.0074000383999999E-007   6.0392844287999997E-008
 %xp=          341   2.0161051545600001E-007   8.0598002687999996E-008   4.0267551743999998E-008
 %xp=          342   2.2178399846400001E-007   1.0076400230400000E-007   4.0264100352000001E-008
 %xp=          343   2.2178951424000000E-007   8.0578197504000004E-008   6.0411939840000009E-008
 %xp=          344   2.0162599833600000E-007   1.0072500479999999E-007   6.0379554816000001E-008
 %xp=          345   2.4194451455999998E-007   8.0607163391999990E-008   4.0281163776000001E-008
 %xp=          346   2.6211151411199999E-007   1.0077400166400001E-007   4.0281163776000001E-008
 %xp=          347   2.6211599769599999E-007   8.0602647552000003E-008   6.0437099520000000E-008
 %xp=          348   2.4196951296000000E-007   1.0074948710399999E-007   6.0407907840000007E-008
 %xp=          349   2.8226199859199999E-007   8.0618646528000001E-008   4.0295711231999998E-008
 %xp=          350   3.0241751500799998E-007   1.0078348492800001E-007   4.0297195008000001E-008
 %xp=          351   3.0241899878399998E-007   8.0618646528000001E-008   6.0454388736000002E-008
 %xp=          352   2.8227899750399998E-007   1.0077300172799999E-007   6.0439905792000002E-008
 %xp=          353   6.2721372671999995E-012   1.2094900070400001E-007   4.0299259392000001E-008
 %xp=          354   2.0147600793599999E-008   1.4111448422399999E-007   4.0298452991999996E-008
 %xp=          355   2.0145100953600000E-008   1.2094800076799999E-007   6.0454646783999992E-008
 %xp=          356   9.1534109183999994E-012   1.4111400038400001E-007   6.0461097983999997E-008
 %xp=          357   4.0296646655999998E-008   1.2094748467200001E-007   4.0292937215999998E-008
 %xp=          358   6.0443163647999994E-008   1.4111000063999999E-007   4.0277647871999999E-008
 %xp=          359   6.0429938688000003E-008   1.2093800140799999E-007   6.0429003264000002E-008
 %xp=          360   4.0278938112000003E-008   1.4111148441600002E-007   6.0442260480000002E-008
 %xp=          361   8.0604905472000003E-008   1.2093900134400001E-007   4.0273648128000000E-008
 %xp=          362   1.0077148569600001E-007   1.4111000063999999E-007   4.0276260864000003E-008
 %xp=          363   1.0074348748800000E-007   1.2091648665600000E-007   6.0395392511999995E-008
 %xp=          364   8.0570939904000007E-008   1.4109848524800002E-007   6.0397585920000004E-008
 %xp=          365   1.2093648537599999E-007   1.2094200115200001E-007   4.0276035071999995E-008
 %xp=          366   1.4111348428800000E-007   1.4111500032000000E-007   4.0300388352000001E-008
 %xp=          367   1.4108648601600002E-007   1.2092848588800001E-007   6.0409456128000001E-008
 %xp=          368   1.2091500288000000E-007   1.4110348492800000E-007   6.0414294527999995E-008
 %xp=          369   1.6127500031999999E-007   1.2095048447999998E-007   4.0292259840000001E-008
 %xp=          370   1.8143948390399998E-007   1.4111948390400000E-007   4.0311000576000003E-008
 %xp=          371   1.8144499967999997E-007   1.2093500159999999E-007   6.0427809791999998E-008
 %xp=          372   1.6127548416000000E-007   1.4111100057599998E-007   6.0463613952000000E-008
 %xp=          373   2.0160951552000002E-007   1.2094400102399999E-007   4.0282808832000001E-008
 %xp=          374   2.2177499903999997E-007   1.4110948454400001E-007   4.0282808832000001E-008
 %xp=          375   2.2181351270400001E-007   1.2090548736000002E-007   6.0378393599999993E-008
 %xp=          376   2.0161551513599999E-007   1.4110348492800000E-007   6.0438486527999990E-008
 %xp=          377   2.4195499775999998E-007   1.2093448550400001E-007   4.0264100352000001E-008
 %xp=          378   2.6212099737600003E-007   1.4110800076800000E-007   4.0267551743999998E-008
 %xp=          379   2.6214051225599998E-007   1.2092900198400002E-007   6.0411939840000009E-008
 %xp=          380   2.4199351142399996E-007   1.4109300172800000E-007   6.0379554816000001E-008
 %xp=          381   2.8227251404799999E-007   1.2094400102399999E-007   4.0285034495999999E-008
 %xp=          382   3.0242499839999998E-007   1.4111300044799999E-007   4.0293033983999997E-008
 %xp=          383   3.0243151411199997E-007   1.2094500095999999E-007   6.0448292352000000E-008
 %xp=          384   2.8229751244799997E-007   1.4110748467200000E-007   6.0426487295999999E-008
 %xp=          385   6.6151378944000002E-012   1.6127900006400001E-007   4.0303097856000003E-008
 %xp=          386   2.0147600793599999E-008   1.8144299980799999E-007   4.0300291584000001E-008
 %xp=          387   2.0147200819200000E-008   1.6127848396800000E-007   6.0463646208000009E-008
 %xp=          388   7.9609614335999990E-012   1.8144251596800001E-007   6.0464291327999997E-008
 %xp=          389   4.0288292352000003E-008   1.6127900006400001E-007   4.0286260223999998E-008
 %xp=          390   6.0445744128000001E-008   1.8144599961599999E-007   4.0280196095999998E-008
 %xp=          391   6.0408488448000005E-008   1.6127848396800000E-007   6.0409036799999994E-008
 %xp=          392   4.0280163840000003E-008   1.8144499967999997E-007   6.0445453824000002E-008
 %xp=          393   8.0608195584000003E-008   1.6127848396800000E-007   4.0276809215999998E-008
 %xp=          394   1.0077800140799999E-007   1.8144399974400001E-007   4.0280647680000001E-008
 %xp=          395   1.0074948710399999E-007   1.6127748403200001E-007   6.0412004351999999E-008
 %xp=          396   8.0578262015999995E-008   1.8145399910400000E-007   6.0404908031999993E-008
 %xp=          397   1.2095248435199999E-007   1.6127700019200000E-007   4.0296807936000002E-008
 %xp=          398   1.4112000000000001E-007   1.8143848396800002E-007   4.0309839360000001E-008
 %xp=          399   1.4111748403199999E-007   1.6127348428799999E-007   6.0469903872000001E-008
 %xp=          400   1.2093000192000001E-007   1.8144351590400002E-007   6.0427583999999990E-008
 %xp=          401   1.6128051609600001E-007   1.6127900006400001E-007   4.0322806272000002E-008
 %xp=          402   1.8143948390399998E-007   1.8143848396800002E-007   4.0322806272000002E-008
 %xp=          403   1.8143748403200000E-007   1.6128151603200000E-007   6.0499289087999994E-008
 %xp=          404   1.6128299980800000E-007   1.8143600025600000E-007   6.0488709120000001E-008
 %xp=          405   2.0159900006399999E-007   1.6127900006400001E-007   4.0311000576000003E-008
 %xp=          406   2.2176851558399999E-007   1.8144399974400001E-007   4.0292259840000001E-008
 %xp=          407   2.2178351462400002E-007   1.6127348428799999E-007   6.0427809791999998E-008
 %xp=          408   2.0160799948800002E-007   1.8144351590400002E-007   6.0463613952000000E-008
 %xp=          409   2.4194099865599999E-007   1.6127700019200000E-007   4.0278196224000002E-008
 %xp=          410   2.6211451391999999E-007   1.8144599961599999E-007   4.0271938560000002E-008
 %xp=          411   2.6216251084800001E-007   1.6127748403200001E-007   6.0389747711999996E-008
 %xp=          412   2.4197851238400001E-007   1.8145399910400000E-007   6.0392844287999997E-008
 %xp=          413   2.8227999744000000E-007   1.6127848396800000E-007   4.0276647935999995E-008
 %xp=          414   3.0242251468800001E-007   1.8144299980799999E-007   4.0295614463999998E-008
 %xp=          415   3.0242999808000002E-007   1.6127848396800000E-007   6.0453840384000000E-008
 %xp=          416   2.8228999680000002E-007   1.8144499967999997E-007   6.0433809408000000E-008
 %xp=          417   6.6157378559999996E-012   2.0160651571200001E-007   4.0300162560000000E-008
 %xp=          418   2.0152700467200000E-008   2.2176999935999999E-007   4.0300356095999999E-008
 %xp=          419   2.0145100953600000E-008   2.0160751564799998E-007   6.0458614272000003E-008
 %xp=          420   9.1544269824000006E-012   2.2177151539199999E-007   6.0456162816000004E-008
 %xp=          421   4.0296356352000000E-008   2.0160799948800002E-007   4.0293840383999996E-008
 %xp=          422   6.0450453504000000E-008   2.2177551513600001E-007   4.0287034368000002E-008
 %xp=          423   6.0429164543999992E-008   2.0161451519999997E-007   6.0429487104000000E-008
 %xp=          424   4.0290743808000002E-008   2.2177499903999997E-007   6.0449195520000005E-008
 %xp=          425   8.0605357055999993E-008   2.0161351526400001E-007   4.0272841728000001E-008
 %xp=          426   1.0077000191999999E-007   2.2178151475199998E-007   4.0269487103999997E-008
 %xp=          427   1.0074248755200000E-007   2.0162851430399999E-007   6.0393650688000002E-008
 %xp=          428   8.0586713087999997E-008   2.2178951424000000E-007   6.0417036287999993E-008
 %xp=          429   1.2094748467200001E-007   2.0160751564799998E-007   4.0286195712000001E-008
 %xp=          430   1.4111148441600002E-007   2.2177099929600001E-007   4.0286195712000001E-008
 %xp=          431   1.4111000063999999E-007   2.0160899942399998E-007   6.0440486400000000E-008
 %xp=          432   1.2091500288000000E-007   2.2180351334400001E-007   6.0390102527999999E-008
 %xp=          433   1.6128051609600001E-007   2.0159900006399999E-007   4.0309839360000001E-008
 %xp=          434   1.8144151603199999E-007   2.2176651571200000E-007   4.0296807936000002E-008
 %xp=          435   1.8144499967999997E-007   2.0160099993600000E-007   6.0469903872000001E-008
 %xp=          436   1.6127548416000000E-007   2.2178851430400000E-007   6.0427583999999990E-008
 %xp=          437   2.0160399974400000E-007   2.0160551577600000E-007   4.0300388352000001E-008
 %xp=          438   2.2177651507200000E-007   2.2178199859200000E-007   4.0276035071999995E-008
 %xp=          439   2.2179051417599999E-007   2.0163251404800001E-007   6.0409456128000001E-008
 %xp=          440   2.0161551513599999E-007   2.2180351334400001E-007   6.0414294527999995E-008
 %xp=          441   2.4194399846399999E-007   2.0161499903999998E-007   4.0274260992000000E-008
 %xp=          442   2.6211351398400002E-007   2.2177751500799999E-007   4.0276938240000000E-008
 %xp=          443   2.6214151219200000E-007   2.0161551513599999E-007   6.0410198016000002E-008
 %xp=          444   2.4197799628799997E-007   2.2179499775999999E-007   6.0399005184000003E-008
 %xp=          445   2.8227199795200001E-007   2.0160851558400000E-007   4.0284260352000002E-008
 %xp=          446   3.0241999872000000E-007   2.2177151539199999E-007   4.0294937088000001E-008
 %xp=          447   3.0243199795200000E-007   2.0160751564799998E-007   6.0448808447999993E-008
 %xp=          448   2.8228551321600002E-007   2.2177899878399999E-007   6.0433454591999997E-008
 %xp=          449   6.2733758976000002E-012   2.4193251532800002E-007   4.0301291520000000E-008
 %xp=          450   2.0155600281599998E-008   2.6209299916800000E-007   4.0303452672000000E-008
 %xp=          451   2.0152148889600001E-008   2.4193499903999999E-007   6.0456743424000001E-008
 %xp=          452   7.2060484607999991E-012   2.6209599897600000E-007   6.0458162688000000E-008
 %xp=          453   4.0303291391999996E-008   2.4193451520000001E-007   4.0298291711999998E-008
 %xp=          454   6.0459614207999994E-008   2.6209851494400002E-007   4.0296711168000003E-008
 %xp=          455   6.0444163583999999E-008   2.4194451455999998E-007   6.0441808895999999E-008
 %xp=          456   4.0302001151999999E-008   2.6209851494400002E-007   6.0455259647999998E-008
 %xp=          457   8.0611034112000001E-008   2.4194251468799999E-007   4.0283260415999997E-008
 %xp=          458   1.0077648537600000E-007   2.6210799820800000E-007   4.0283260415999997E-008
 %xp=          459   1.0075500288000000E-007   2.4196399718399999E-007   6.0412391423999998E-008
 %xp=          460   8.0606292479999993E-008   2.6211251404800000E-007   6.0439099391999997E-008
 %xp=          461   1.2093748531199999E-007   2.4194899814399998E-007   4.0269487103999997E-008
 %xp=          462   1.4110548479999999E-007   2.6211351398400002E-007   4.0272841728000001E-008
 %xp=          463   1.4109000192000000E-007   2.4197599641599999E-007   6.0393650688000002E-008
 %xp=          464   1.2092948582400000E-007   2.6213199667200001E-007   6.0417036287999993E-008
 %xp=          465   1.6127500031999999E-007   2.4194051481600001E-007   4.0280647680000001E-008
 %xp=          466   1.8143999999999999E-007   2.6211099801600001E-007   4.0276809215999998E-008
 %xp=          467   1.8144151603199999E-007   2.4196951296000000E-007   6.0412004351999999E-008
 %xp=          468   1.6126500095999999E-007   2.6214051225599998E-007   6.0404908031999993E-008
 %xp=          469   2.0160851558400000E-007   2.4194699827200000E-007   4.0276260864000003E-008
 %xp=          470   2.2177951488000000E-007   2.6211399782400001E-007   4.0273648128000000E-008
 %xp=          471   2.2180199731199999E-007   2.4197499647999997E-007   6.0395392511999995E-008
 %xp=          472   2.0161999872000000E-007   2.6214799564799999E-007   6.0397585920000004E-008
 %xp=          473   2.4194851430399999E-007   2.4194699827200000E-007   4.0273712639999998E-008
 %xp=          474   2.6210451455999997E-007   2.6210399846399998E-007   4.0288550400000000E-008
 %xp=          475   2.6212651315199999E-007   2.4195351398400003E-007   6.0424745471999993E-008
 %xp=          476   2.4195651379200003E-007   2.6212551321599997E-007   6.0423487487999998E-008
 %xp=          477   2.8226599833600001E-007   2.4193799884799999E-007   4.0290388991999999E-008
 %xp=          478   3.0241451519999998E-007   2.6209499903999998E-007   4.0300356095999999E-008
 %xp=          479   3.0242451456000000E-007   2.4193799884799999E-007   6.0450388991999996E-008
 %xp=          480   2.8226999807999998E-007   2.6210499840000000E-007   6.0446356991999994E-008
 %xp=          481   4.5977992704000002E-012   2.8225151539199999E-007   4.0305097728000000E-008
 %xp=          482   2.0157200179200002E-008   3.0240699955200003E-007   4.0306807296000004E-008
 %xp=          483   2.0155600281599998E-008   2.8225351526400002E-007   6.0460807679999998E-008
 %xp=          484   4.7934448127999998E-012   3.0240899942400001E-007   6.0462388224000001E-008
 %xp=          485   4.0309194239999999E-008   2.8225251532800000E-007   4.0303904255999996E-008
 %xp=          486   6.0466291199999994E-008   3.0240951551999999E-007   4.0303904255999996E-008
 %xp=          487   6.0458646527999998E-008   2.8225999872000001E-007   6.0454485504000001E-008
 %xp=          488   4.0308903936000000E-008   3.0240999935999998E-007   6.0461291519999996E-008
 %xp=          489   8.0620485120000007E-008   2.8225899878399999E-007   4.0296711168000003E-008
 %xp=          490   1.0078400102400000E-007   3.0241551513599999E-007   4.0298291711999998E-008
 %xp=          491   1.0077448550399999E-007   2.8227451391999998E-007   6.0441808895999999E-008
 %xp=          492   8.0620194816000008E-008   3.0241651507200001E-007   6.0455259647999998E-008
 %xp=          493   1.2094348492800001E-007   2.8226851430399997E-007   4.0287034368000002E-008
 %xp=          494   1.4111048448000000E-007   3.0242251468800001E-007   4.0293840383999996E-008
 %xp=          495   1.4110448486400000E-007   2.8228951295999998E-007   6.0429487104000000E-008
 %xp=          496   1.2094400102399999E-007   3.0242799820800004E-007   6.0449195520000005E-008
 %xp=          497   1.6127300044800000E-007   2.8227299788799998E-007   4.0280196095999998E-008
 %xp=          498   1.8143999999999999E-007   3.0243051417600000E-007   4.0286260223999998E-008
 %xp=          499   1.8143999999999999E-007   2.8230999552000001E-007   6.0409036799999994E-008
 %xp=          500   1.6127400038400000E-007   3.0243851366399999E-007   6.0445389311999998E-008
 %xp=          501   2.0160851558400000E-007   2.8227551385599999E-007   4.0277647871999999E-008
 %xp=          502   2.2177151539199999E-007   3.0242251468800001E-007   4.0292937215999998E-008
 %xp=          503   2.2178051481600002E-007   2.8228899686400000E-007   6.0429003264000002E-008
 %xp=          504   2.0160699955200000E-007   3.0243951360000000E-007   6.0442260480000002E-008
 %xp=          505   2.4193899878400001E-007   2.8226599833600001E-007   4.0289292288000001E-008
 %xp=          506   2.6209651507200003E-007   3.0241351526400001E-007   4.0299839999999999E-008
 %xp=          507   2.6210651443200000E-007   2.8226899814400001E-007   6.0445808640000005E-008
 %xp=          508   2.4193899878400001E-007   3.0242599833600000E-007   6.0448808447999993E-008
 %xp=          509   2.8225751500799999E-007   2.8225599897599999E-007   4.0299743231999999E-008
 %xp=          510   3.0240999935999998E-007   3.0240851558399997E-007   4.0305355775999997E-008
 %xp=          511   3.0241551513599999E-007   2.8225651507200002E-007   6.0457743359999993E-008
 %xp=          512   2.8225799884800003E-007   3.0241451519999998E-007   6.0457453055999994E-008
 %xp=          513   4.9187206656000002E-012   3.1146383923200000E-012   8.0622065664000010E-008
 %xp=          514   2.0155648665600001E-008   2.0153848780799998E-008   8.0622065664000010E-008
 %xp=          515   2.0155348684799998E-008   3.4120816127999998E-012   1.0078300108800000E-007
 %xp=          516   5.3196046847999992E-012   2.0153448806399998E-008   1.0078300108800000E-007
 %xp=          517   4.0308162047999999E-008   3.1142026137600001E-012   8.0621065728000005E-008
 %xp=          518   6.0462162431999993E-008   2.0151200563199999E-008   8.0618807808000005E-008
 %xp=          519   6.0459936768000002E-008   6.0953485824000000E-012   1.0078048512000000E-007
 %xp=          520   4.0305194495999999E-008   2.0151400550400002E-008   1.0078200115200000E-007
 %xp=          521   8.0620452863999998E-008   6.6317368319999997E-012   8.0617065983999999E-008
 %xp=          522   1.0078200115200000E-007   2.0147800780799999E-008   8.0615808000000004E-008
 %xp=          523   1.0078200115200000E-007   1.4688456652799999E-011   1.0078148505600000E-007
 %xp=          524   8.0618098175999999E-008   2.0146800844800000E-008   1.0077900134400001E-007
 %xp=          525   1.2094600089599998E-007   1.4688427622399999E-011   8.0619162623999995E-008
 %xp=          526   1.4111348428800000E-007   2.0150400614400001E-008   8.0627065344000007E-008
 %xp=          527   1.4111500032000000E-007   9.9997664256000011E-012   1.0079400038400000E-007
 %xp=          528   1.2095100057599999E-007   2.0149800652799998E-008   1.0078848460800000E-007
 %xp=          529   1.6127700019200000E-007   1.0968901171199999E-011   8.0630065151999995E-008
 %xp=          530   1.8144051609600002E-007   2.0150400614400001E-008   8.0631355391999999E-008
 %xp=          531   1.8143999999999999E-007   5.7032188416000000E-012   1.0079948390400000E-007
 %xp=          532   1.6127900006400001E-007   2.0152748851200000E-008   1.0079900006400001E-007
 %xp=          533   2.0160399974400000E-007   1.0969378560000000E-011   8.0626742784000000E-008
 %xp=          534   2.2176999935999999E-007   2.0147800780799999E-008   8.0621162496000004E-008
 %xp=          535   2.2176699955200002E-007   1.0000353484800000E-011   1.0078848460800000E-007
 %xp=          536   2.0160251596800000E-007   2.0149800652799998E-008   1.0079500032000001E-007
 %xp=          537   2.4193699891200003E-007   1.4688685670399998E-011   8.0614904831999998E-008
 %xp=          538   2.6209951487999998E-007   2.0151200563199999E-008   8.0616453120000006E-008
 %xp=          539   2.6210151475199996E-007   1.4688650188800000E-011   1.0077848524800001E-007
 %xp=          540   2.4193399910400003E-007   2.0146800844800000E-008   1.0078300108800000E-007
 %xp=          541   2.8225851494400001E-007   6.6319110143999999E-012   8.0618452992000002E-008
 %xp=          542   3.0241251532799999E-007   2.0153848780799998E-008   8.0620936703999996E-008
 %xp=          543   3.0241499903999996E-007   6.0956679167999999E-012   1.0078200115200000E-007
 %xp=          544   2.8226051481599999E-007   2.0151400550400002E-008   1.0078048512000000E-007
 %xp=          545   4.9186529280000002E-012   4.0306194432000004E-008   8.0620904448000001E-008
 %xp=          546   2.0152148889600001E-008   6.0460485120000004E-008   8.0618452992000002E-008
 %xp=          547   2.0152700467200000E-008   4.0303484928000002E-008   1.0078200115200000E-007
 %xp=          548   7.3672284672000001E-012   6.0458162688000000E-008   1.0078048512000000E-007
 %xp=          549   4.0304646144000004E-008   4.0303194624000003E-008   8.0618807808000005E-008
 %xp=          550   6.0449356799999995E-008   6.0448389119999999E-008   8.0609453567999998E-008
 %xp=          551   6.0452356607999997E-008   4.0292937215999998E-008   1.0077700147200000E-007
 %xp=          552   4.0292485632000002E-008   6.0451195392000001E-008   1.0077700147200000E-007
 %xp=          553   8.0614904831999998E-008   4.0292550143999999E-008   8.0611485696000003E-008
 %xp=          554   1.0076600217600001E-007   6.0425455103999999E-008   8.0593261056000001E-008
 %xp=          555   1.0077448550399999E-007   4.0276905983999998E-008   1.0077100185600001E-007
 %xp=          556   8.0593938431999999E-008   6.0424100352000004E-008   1.0076248627199999E-007
 %xp=          557   1.2094348492800001E-007   4.0280292863999998E-008   8.0607550464000001E-008
 %xp=          558   1.4110448486400000E-007   6.0408907775999999E-008   8.0584713216000000E-008
 %xp=          559   1.4111348428800000E-007   4.0291743744000000E-008   1.0078900070400000E-007
 %xp=          560   1.2092700211200001E-007   6.0398650368000000E-008   1.0074748723200000E-007
 %xp=          561   1.6127700019200000E-007   4.0288389119999996E-008   8.0621646336000002E-008
 %xp=          562   1.8144151603199999E-007   6.0418713599999995E-008   8.0596454400000002E-008
 %xp=          563   1.8144151603199999E-007   4.0296066048000001E-008   1.0079448422400000E-007
 %xp=          564   1.6127600025599998E-007   6.0429100032000002E-008   1.0077600153600001E-007
 %xp=          565   2.0160651571200001E-007   4.0284002303999998E-008   8.0615162880000002E-008
 %xp=          566   2.2178799820800002E-007   6.0410649600000005E-008   8.0585906688000004E-008
 %xp=          567   2.2177451519999999E-007   4.0281615360000003E-008   1.0077800140799999E-007
 %xp=          568   2.0161499903999998E-007   6.0415810559999993E-008   1.0076100249600000E-007
 %xp=          569   2.4194251468799999E-007   4.0284486143999996E-008   8.0609356799999999E-008
 %xp=          570   2.6211551385600000E-007   6.0437809152000006E-008   8.0603550719999995E-008
 %xp=          571   2.6210899814399997E-007   4.0284357120000001E-008   1.0077500160000000E-007
 %xp=          572   2.4196551321599998E-007   6.0407553024000004E-008   1.0075600281600000E-007
 %xp=          573   2.8226199859199999E-007   4.0299710975999997E-008   8.0616195071999989E-008
 %xp=          574   3.0241899878399998E-007   6.0457001472000005E-008   8.0616195071999989E-008
 %xp=          575   3.0241799884800002E-007   4.0300839935999997E-008   1.0078100121600000E-007
 %xp=          576   2.8227799756799996E-007   6.0440486400000000E-008   1.0077300172799999E-007
 %xp=          577   7.5566647295999988E-012   8.0619001343999991E-008   8.0616453120000006E-008
 %xp=          578   2.0144101017599999E-008   1.0078148505600000E-007   8.0614904831999998E-008
 %xp=          579   2.0144101017599999E-008   8.0617259519999998E-008   1.0077848524800001E-007
 %xp=          580   1.1923275571200001E-011   1.0078448486400000E-007   1.0078300108800000E-007
 %xp=          581   4.0291453439999995E-008   8.0613292032000001E-008   8.0610743808000002E-008
 %xp=          582   6.0423487487999998E-008   1.0076248627199999E-007   8.0590390271999995E-008
 %xp=          583   6.0423390719999998E-008   8.0590745087999998E-008   1.0076148633600000E-007
 %xp=          584   4.0271390208000000E-008   1.0077048575999999E-007   1.0076900198400000E-007
 %xp=          585   8.0589648384000007E-008   8.0587293695999994E-008   8.0587358207999998E-008
 %xp=          586   1.0072800460800000E-007   1.0072248883200000E-007   8.0545651199999993E-008
 %xp=          587   1.0072900454400000E-007   8.0542296576000002E-008   1.0072648857600000E-007
 %xp=          588   8.0541812735999991E-008   1.0072100505600001E-007   1.0072348876800000E-007
 %xp=          589   1.2091848652800001E-007   8.0552586239999997E-008   8.0556940800000006E-008
 %xp=          590   1.4108200243200001E-007   1.0068600729600000E-007   8.0513556479999998E-008
 %xp=          591   1.4108448614400001E-007   8.0507653631999996E-008   1.0069949030399999E-007
 %xp=          592   1.2086200627200000E-007   1.0064600985599999E-007   1.0065600921600000E-007
 %xp=          593   1.6126700083200000E-007   8.0548263935999996E-008   8.0560101887999997E-008
 %xp=          594   1.8144499967999997E-007   1.0063201075200000E-007   8.0460495360000004E-008
 %xp=          595   1.8144499967999997E-007   8.0543393279999994E-008   1.0072948838399999E-007
 %xp=          596   1.6124548607999999E-007   1.0065300940800000E-007   1.0067449190400000E-007
 %xp=          597   2.0162799820800001E-007   8.0526910463999998E-008   8.0538748415999999E-008
 %xp=          598   2.2182899558400000E-007   1.0069400678399999E-007   8.0518491647999992E-008
 %xp=          599   2.2182651187200000E-007   8.0512588800000002E-008   1.0070748979200000E-007
 %xp=          600   2.0167851110399999E-007   1.0059001344000000E-007   1.0061149593600000E-007
 %xp=          601   2.4197299660799999E-007   8.0568649727999998E-008   8.0573004287999994E-008
 %xp=          602   2.6214999552000002E-007   1.0074600345600001E-007   8.0573004287999994E-008
 %xp=          603   2.6214899558400000E-007   8.0569649664000003E-008   1.0075000320000000E-007
 %xp=          604   2.4203350886399999E-007   1.0068500736000000E-007   1.0069500672000001E-007
 %xp=          605   2.8228099737600002E-007   8.0603486207999991E-008   8.0603550719999995E-008
 %xp=          606   3.0243451391999997E-007   1.0077600153600001E-007   8.0609356799999999E-008
 %xp=          607   3.0243451391999997E-007   8.0609711616000002E-008   1.0077500160000000E-007
 %xp=          608   2.8231099545599998E-007   1.0075348684800000E-007   1.0075600281600000E-007
 %xp=          609   1.0933816319999998E-011   1.2094900070400001E-007   8.0621162496000004E-008
 %xp=          610   2.0147800780799999E-008   1.4111500032000000E-007   8.0626742784000000E-008
 %xp=          611   2.0148749107200000E-008   1.2095148441600000E-007   1.0078848460800000E-007
 %xp=          612   8.9448081408000006E-012   1.4111648409600000E-007   1.0079500032000001E-007
 %xp=          613   4.0273261056000002E-008   1.2094100121600002E-007   8.0602712064000008E-008
 %xp=          614   6.0393586175999998E-008   1.4110200115200000E-007   8.0570391552000005E-008
 %xp=          615   6.0386264063999997E-008   1.2091848652800001E-007   1.0073848780800001E-007
 %xp=          616   4.0291550208000001E-008   1.4111348428800000E-007   1.0078800076800000E-007
 %xp=          617   8.0548909055999998E-008   1.2091148697599999E-007   8.0549908991999990E-008
 %xp=          618   1.0067849164800000E-007   1.4106548736000001E-007   8.0493396480000004E-008
 %xp=          619   1.0064549375999999E-007   1.2084349132800001E-007   1.0064600985599999E-007
 %xp=          620   8.0476784640000000E-008   1.4107348684799999E-007   1.0067049216000000E-007
 %xp=          621   1.2087900518399999E-007   1.2086300620800001E-007   8.0497234944000006E-008
 %xp=          622   1.4104548864000002E-007   1.4109448550400000E-007   8.0554134528000004E-008
 %xp=          623   1.4102100633600000E-007   1.2075249715200001E-007   1.0057249843199999E-007
 %xp=          624   1.2076149657600001E-007   1.4096201011200002E-007   1.0055049984000000E-007
 %xp=          625   1.6124200243200000E-007   1.2086400614400001E-007   8.0500654080000002E-008
 %xp=          626   1.8145499903999999E-007   1.4110100121600001E-007   8.0624065535999993E-008
 %xp=          627   1.8145999872000001E-007   1.2061050623999998E-007   1.0043599104000001E-007
 %xp=          628   1.6116749107200001E-007   1.4097700915199999E-007   1.0059901286400000E-007
 %xp=          629   2.0166899558400001E-007   1.2083000832000000E-007   8.0461043712000006E-008
 %xp=          630   2.2188899174399999E-007   1.4104948838399998E-007   8.0461043712000006E-008
 %xp=          631   2.2193098905599999E-007   1.2078801100799998E-007   1.0058901350400000E-007
 %xp=          632   2.0181798604800000E-007   1.4090101401600000E-007   1.0048398796800001E-007
 %xp=          633   2.4202499327999998E-007   1.2088948838399999E-007   8.0518491647999992E-008
 %xp=          634   2.6219199283199999E-007   1.4109048575999998E-007   8.0538748415999999E-008
 %xp=          635   2.6220650803200001E-007   1.2089200435199998E-007   1.0070748979200000E-007
 %xp=          636   2.4212850278400001E-007   1.4104000511999999E-007   1.0061149593600000E-007
 %xp=          637   2.8230851174400001E-007   1.2093048575999999E-007   8.0585842176000000E-008
 %xp=          638   3.0243451391999997E-007   1.4111200051200000E-007   8.0615162880000002E-008
 %xp=          639   3.0243699763199999E-007   1.2094400102399999E-007   1.0077800140799999E-007
 %xp=          640   2.8230299596799999E-007   1.4110400102400001E-007   1.0076100249600000E-007
 %xp=          641   8.3435433984000006E-012   1.6127848396800000E-007   8.0631355391999999E-008
 %xp=          642   2.0147800780799999E-008   1.8144199987199997E-007   8.0630065151999995E-008
 %xp=          643   2.0153048831999999E-008   1.6127900006400001E-007   1.0079948390400000E-007
 %xp=          644   5.9761078271999996E-012   1.8143999999999999E-007   1.0079900006400001E-007
 %xp=          645   4.0285647359999998E-008   1.6127848396800000E-007   8.0620388351999994E-008
 %xp=          646   6.0398005247999998E-008   1.8145199923199999E-007   8.0576907264000001E-008
 %xp=          647   6.0432164352000007E-008   1.6127700019200000E-007   1.0077948518400001E-007
 %xp=          648   4.0294485503999998E-008   1.8144299980799999E-007   1.0079200051200000E-007
 %xp=          649   8.0493396480000004E-008   1.6127748403200001E-007   8.0495654400000004E-008
 %xp=          650   1.0070000640000001E-007   1.8147699763200000E-007   8.0514749952000002E-008
 %xp=          651   1.0049850316800000E-007   1.6127400038400000E-007   1.0050150297599999E-007
 %xp=          652   8.0490041856000000E-008   1.8147351398400001E-007   1.0068549120000000E-007
 %xp=          653   1.2087700531200000E-007   1.6127400038400000E-007   8.0562198528000007E-008
 %xp=          654   1.4107948646399999E-007   1.8143200051199998E-007   8.0593744895999999E-008
 %xp=          655   1.4092501248000001E-007   1.6125900134400002E-007   1.0080051609600000E-007
 %xp=          656   1.2082449254400001E-007   1.8155150899199999E-007   1.0061349580800001E-007
 %xp=          657   1.6128699955199999E-007   1.6126400102400000E-007   8.0694512639999989E-008
 %xp=          658   1.8145499903999999E-007   1.8143200051199998E-007   8.0694512639999989E-008
 %xp=          659   1.8152051097599998E-007   1.6119800524800000E-007   1.0104498432000001E-007
 %xp=          660   1.6124348620800000E-007   1.8147551385599999E-007   1.0071400550400000E-007
 %xp=          661   2.0161799884800001E-007   1.6126400102400000E-007   8.0624065535999993E-008
 %xp=          662   2.2185499391999999E-007   1.8147699763200000E-007   8.0500654080000002E-008
 %xp=          663   2.2210849382399999E-007   1.6125900134400002E-007   1.0043599104000001E-007
 %xp=          664   2.0174199091200000E-007   1.8155150899199999E-007   1.0059901286400000E-007
 %xp=          665   2.4208650547200000E-007   1.6127400038400000E-007   8.0460495360000004E-008
 %xp=          666   2.6217051033599999E-007   1.8145199923199999E-007   8.0560101887999997E-008
 %xp=          667   2.6217551001600003E-007   1.6127400038400000E-007   1.0072948838399999E-007
 %xp=          668   2.4206550681599999E-007   1.8147351398400001E-007   1.0067449190400000E-007
 %xp=          669   2.8229999615999999E-007   1.6127748403200001E-007   8.0596454400000002E-008
 %xp=          670   3.0242999808000002E-007   1.8144199987199997E-007   8.0621646336000002E-008
 %xp=          671   3.0242299852800000E-007   1.6127700019200000E-007   1.0079448422400000E-007
 %xp=          672   2.8228951295999998E-007   1.8144299980799999E-007   1.0077600153600001E-007
 %xp=          673   8.3442175488000004E-012   2.0160499967999999E-007   8.0627065344000007E-008
 %xp=          674   2.0144101017599999E-008   2.2177251532800001E-007   8.0619162623999995E-008
 %xp=          675   2.0148749107200000E-008   2.0160351590400001E-007   1.0079400038400000E-007
 %xp=          676   8.9456758271999994E-012   2.2176751564799997E-007   1.0078848460800000E-007
 %xp=          677   4.0275841536000002E-008   2.0161299916800000E-007   8.0608614911999997E-008
 %xp=          678   6.0419358719999996E-008   2.2178899814399999E-007   8.0588583935999998E-008
 %xp=          679   6.0396392448000000E-008   2.0163099801600001E-007   1.0074948710399999E-007
 %xp=          680   4.0274390016000001E-008   2.2178151475199998E-007   1.0077448550399999E-007
 %xp=          681   8.0547134975999996E-008   2.0163299788799999E-007   8.0548715519999999E-008
 %xp=          682   1.0071200563199999E-007   2.2182399590400001E-007   8.0529587712000005E-008
 %xp=          683   1.0064049408000000E-007   2.0168251084800001E-007   1.0063801036800000E-007
 %xp=          684   8.0532910080000000E-008   2.2182351206400003E-007   1.0071500543999999E-007
 %xp=          685   1.2087100569600000E-007   2.0166299596800000E-007   8.0492299776000000E-008
 %xp=          686   1.4105548800000001E-007   2.2184799436800000E-007   8.0492299776000000E-008
 %xp=          687   1.4098549247999999E-007   2.0173299148800000E-007   1.0055601561600000E-007
 %xp=          688   1.2082300876800001E-007   2.2189599129600002E-007   1.0061701171200001E-007
 %xp=          689   1.6128699955199999E-007   2.0163899750399999E-007   8.0593744895999999E-008
 %xp=          690   1.8144499967999997E-007   2.2184151091200001E-007   8.0562198528000007E-008
 %xp=          691   1.8145999872000001E-007   2.0179398758399999E-007   1.0080051609600000E-007
 %xp=          692   1.6116749107200001E-007   2.2189399142399998E-007   1.0061349580800001E-007
 %xp=          693   2.0162399846400002E-007   2.0167299532800000E-007   8.0554134528000004E-008
 %xp=          694   2.2185551001600000E-007   2.2183999488000001E-007   8.0497234944000006E-008
 %xp=          695   2.2196650291199999E-007   2.0169750988799999E-007   1.0057249843199999E-007
 %xp=          696   2.0175650611200000E-007   2.2195698739199998E-007   1.0055049984000000E-007
 %xp=          697   2.4203299276800001E-007   2.0163651379200000E-007   8.0513556479999998E-008
 %xp=          698   2.6216599449599999E-007   2.2180051353599998E-007   8.0556940800000006E-008
 %xp=          699   2.6221150771199999E-007   2.0163399782400001E-007   1.0069949030399999E-007
 %xp=          700   2.4207250636800001E-007   2.2185699379200000E-007   1.0065600921600000E-007
 %xp=          701   2.8230999552000001E-007   2.0161399910400002E-007   8.0584648703999996E-008
 %xp=          702   3.0243851366399999E-007   2.2177551513600001E-007   8.0607550464000001E-008
 %xp=          703   3.0242699827200002E-007   2.0160551577600000E-007   1.0078900070400000E-007
 %xp=          704   2.8231999488000003E-007   2.2179099801600003E-007   1.0074748723200000E-007
 %xp=          705   1.0934864640000000E-011   2.4193651507199999E-007   8.0615808000000004E-008
 %xp=          706   2.0152148889600001E-008   2.6209851494400002E-007   8.0617065983999999E-008
 %xp=          707   2.0144101017599999E-008   2.4193699891200003E-007   1.0078148505600000E-007
 %xp=          708   1.1924178739200001E-011   2.6210051481600000E-007   1.0077900134400001E-007
 %xp=          709   4.0288034304000000E-008   2.4194251468799999E-007   8.0610098688000000E-008
 %xp=          710   6.0442163712000002E-008   2.6211251404800000E-007   8.0604744191999999E-008
 %xp=          711   6.0415939584000001E-008   2.4196351334400000E-007   1.0075748659199999E-007
 %xp=          712   4.0287937536000000E-008   2.6210751436799997E-007   1.0077548544000000E-007
 %xp=          713   8.0577294335999999E-008   2.4196899686399997E-007   8.0577036287999996E-008
 %xp=          714   1.0075000320000000E-007   2.6214151219200000E-007   8.0577036287999996E-008
 %xp=          715   1.0070149017600000E-007   2.4201750988799997E-007   1.0070300620800000E-007
 %xp=          716   8.0577552384000002E-008   2.6214099609600002E-007   1.0075200307200000E-007
 %xp=          717   1.2089500415999998E-007   2.4200699443200002E-007   8.0529587712000005E-008
 %xp=          718   1.4108548608000000E-007   2.6217151027200001E-007   8.0548715519999999E-008
 %xp=          719   1.4103600537600000E-007   2.4207798988799998E-007   1.0063801036800000E-007
 %xp=          720   1.2089500415999998E-007   2.6218599321599998E-007   1.0071500543999999E-007
 %xp=          721   1.6124200243200000E-007   2.4201850982399999E-007   8.0514749952000002E-008
 %xp=          722   1.8144151603199999E-007   2.6222550681600003E-007   8.0495654400000004E-008
 %xp=          723   1.8144499967999997E-007   2.4222001305600000E-007   1.0050150297599999E-007
 %xp=          724   1.6124548607999999E-007   2.6222850662400003E-007   1.0068549120000000E-007
 %xp=          725   2.0165299660800001E-007   2.4203999232000003E-007   8.0493396480000004E-008
 %xp=          726   2.2180699699200000E-007   2.6216999424000001E-007   8.0549908991999990E-008
 %xp=          727   2.2187499263999998E-007   2.4207299020799999E-007   1.0064600985599999E-007
 %xp=          728   2.0164551321600000E-007   2.6224198963199999E-007   1.0067049216000000E-007
 %xp=          729   2.4199651123200001E-007   2.4199099545600000E-007   8.0545651199999993E-008
 %xp=          730   2.6213151283199998E-007   2.6212899686400001E-007   8.0587358207999998E-008
 %xp=          731   2.6217650995199999E-007   2.4198999552000003E-007   1.0072648857600000E-007
 %xp=          732   2.4199799500799996E-007   2.6217699379200003E-007   1.0072348876800000E-007
 %xp=          733   2.8229351270400000E-007   2.4195299788800000E-007   8.0593261056000001E-008
 %xp=          734   3.0242651443200003E-007   2.6210399846399998E-007   8.0611485696000003E-008
 %xp=          735   3.0244199731199997E-007   2.4194451455999998E-007   1.0077100185600001E-007
 %xp=          736   2.8229451263999997E-007   2.6212451328000001E-007   1.0076248627199999E-007
 %xp=          737   7.5575775744000008E-012   2.8225651507200002E-007   8.0618743296000001E-008
 %xp=          738   2.0155648665600001E-008   3.0241051545600001E-007   8.0621065728000005E-008
 %xp=          739   2.0152700467200000E-008   2.8225851494400001E-007   1.0078048512000000E-007
 %xp=          740   7.3677542400000007E-012   3.0241351526400001E-007   1.0078200115200000E-007
 %xp=          741   4.0302065663999997E-008   2.8225951488000002E-007   8.0616646656000005E-008
 %xp=          742   6.0459162624000005E-008   3.0241651507200001E-007   8.0616646656000005E-008
 %xp=          743   6.0444453887999997E-008   2.8227451391999998E-007   1.0077300172799999E-007
 %xp=          744   4.0303162368000001E-008   3.0241551513599999E-007   1.0078100121600000E-007
 %xp=          745   8.0606356991999997E-008   2.8227651379200001E-007   8.0604744191999999E-008
 %xp=          746   1.0077600153600001E-007   3.0243099801600004E-007   8.0610098688000000E-008
 %xp=          747   1.0075548672000000E-007   2.8230299596799999E-007   1.0075748659199999E-007
 %xp=          748   8.0611195392000005E-008   3.0243099801600004E-007   1.0077548544000000E-007
 %xp=          749   1.2093000192000001E-007   2.8229951232000000E-007   8.0588583935999998E-008
 %xp=          750   1.4110548479999999E-007   3.0244299724799999E-007   8.0608647168000006E-008
 %xp=          751   1.4108800204799999E-007   2.8232251084800000E-007   1.0074948710399999E-007
 %xp=          752   1.2093648537599999E-007   3.0244451327999999E-007   1.0077448550399999E-007
 %xp=          753   1.6126700083200000E-007   2.8232051097599996E-007   8.0576907264000001E-008
 %xp=          754   1.8144051609600002E-007   3.0243351398400000E-007   8.0620388351999994E-008
 %xp=          755   1.8144151603199999E-007   2.8228699699200002E-007   1.0077948518400001E-007
 %xp=          756   1.6127600025599998E-007   3.0242451456000000E-007   1.0079200051200000E-007
 %xp=          757   2.0161651507200001E-007   2.8232499455999996E-007   8.0570391552000005E-008
 %xp=          758   2.2177799884800000E-007   3.0244551321600001E-007   8.0602744320000003E-008
 %xp=          759   2.2179999744000000E-007   2.8233251020800002E-007   1.0073848780800001E-007
 %xp=          760   2.0160551577600000E-007   3.0242751436800000E-007   1.0078800076800000E-007
 %xp=          761   2.4195599769600000E-007   2.8229551257599999E-007   8.0590390271999995E-008
 %xp=          762   2.6210551449599998E-007   3.0242751436800000E-007   8.0610743808000002E-008
 %xp=          763   2.6212799692799999E-007   2.8229551257599999E-007   1.0076148633600000E-007
 %xp=          764   2.4194799820800001E-007   3.0244751308799999E-007   1.0076900198400000E-007
 %xp=          765   2.8227051417599996E-007   2.8226899814400001E-007   8.0609453567999998E-008
 %xp=          766   3.0241551513599999E-007   3.0241399910400000E-007   8.0618807808000005E-008
 %xp=          767   3.0242599833600000E-007   2.8226651443199999E-007   1.0077700147200000E-007
 %xp=          768   2.8226751436800001E-007   3.0242651443200003E-007   1.0077700147200000E-007
 %xp=          769   6.7758566400000002E-012   5.1442675200000002E-012   1.2094748467200001E-007
 %xp=          770   2.0153648793599998E-008   2.0151948902400001E-008   1.2094748467200001E-007
 %xp=          771   2.0153948774400001E-008   4.8441351167999999E-012   1.4111300044799999E-007
 %xp=          772   6.4687279104000001E-012   2.0152300492800000E-008   1.4111300044799999E-007
 %xp=          773   4.0304097792000002E-008   5.1440191488000005E-012   1.2094648473600002E-007
 %xp=          774   6.0457098240000004E-008   2.0146700851199997E-008   1.2094448486400001E-007
 %xp=          775   6.0458549759999998E-008   1.1178949017600001E-011   1.4111300044799999E-007
 %xp=          776   4.0300839935999997E-008   2.0147700787200002E-008   1.4111248435200001E-007
 %xp=          777   8.0618807808000005E-008   1.3646510438400000E-011   1.2094648473600002E-007
 %xp=          778   1.0078800076800000E-007   2.0148900710400000E-008   1.2094948454399999E-007
 %xp=          779   1.0079148441600001E-007   1.0969078579200001E-011   1.4111600025599999E-007
 %xp=          780   8.0624484864000000E-008   2.0147600793599999E-008   1.4111348428800000E-007
 %xp=          781   1.2095448422400000E-007   9.9999438335999998E-012   1.2095448422400000E-007
 %xp=          782   1.4112000000000001E-007   2.0154800332799999E-008   1.2096051609600000E-007
 %xp=          783   1.4112299980799998E-007   1.3160989900800000E-012   1.4112199987199999E-007
 %xp=          784   1.2095999999999999E-007   2.0154600345600000E-008   1.4111900006400002E-007
 %xp=          785   1.6128051609600001E-007   1.3161418905599999E-012   1.2096399974400001E-007
 %xp=          786   1.8143948390399998E-007   2.0154800332799999E-008   1.2096451583999999E-007
 %xp=          787   1.8143848396800002E-007  -6.4994969088000003E-012   1.4112499967999999E-007
 %xp=          788   1.6128199987199998E-007   2.0159100057599998E-008   1.4112399974400000E-007
 %xp=          789   2.0159900006399999E-007   1.3164596121600001E-012   1.2096099993599998E-007
 %xp=          790   2.2176351590400000E-007   2.0148900710400000E-008   1.2095500032000001E-007
 %xp=          791   2.2175848396800000E-007   1.3167495936000000E-012   1.4111948390400000E-007
 %xp=          792   2.0159700019200000E-007   2.0154600345600000E-008   1.4112199987199999E-007
 %xp=          793   2.4192951552000002E-007   1.0000259942399999E-011   1.2095000064000000E-007
 %xp=          794   2.6209699891200002E-007   2.0146700851199997E-008   1.2094648473600002E-007
 %xp=          795   2.6209351526400003E-007   1.0969197926400000E-011   1.4111400038400001E-007
 %xp=          796   2.4192651571200002E-007   2.0147600793599999E-008   1.4111600025599999E-007
 %xp=          797   2.8226251468800002E-007   1.3646868480000000E-011   1.2094548480000000E-007
 %xp=          798   3.0241651507200001E-007   2.0151948902400001E-008   1.2094648473600002E-007
 %xp=          799   3.0241851494400000E-007   1.1179339315200000E-011   1.4111300044799999E-007
 %xp=          800   2.8225851494400001E-007   2.0147700787200002E-008   1.4111300044799999E-007
 %xp=          801   6.7754889216000001E-012   4.0302162432000003E-008   1.2094648473600002E-007
 %xp=          802   2.0145100953600000E-008   6.0456259584000003E-008   1.2094548480000000E-007
 %xp=          803   2.0147600793599999E-008   4.0300194816000002E-008   1.4111300044799999E-007
 %xp=          804   1.1030661734400001E-011   6.0459904512000006E-008   1.4111300044799999E-007
 %xp=          805   4.0296162816000000E-008   4.0295840255999999E-008   1.2094500095999999E-007
 %xp=          806   6.0429809663999994E-008   6.0428938751999998E-008   1.2093700147200000E-007
 %xp=          807   6.0443163647999994E-008   4.0278454271999998E-008   1.4111000063999999E-007
 %xp=          808   4.0277035008000000E-008   6.0441034752000002E-008   1.4111048448000000E-007
 %xp=          809   8.0606711808000000E-008   4.0275938304000002E-008   1.2093900134400001E-007
 %xp=          810   1.0074748723200000E-007   6.0393650688000002E-008   1.2092000255999999E-007
 %xp=          811   1.0078348492800001E-007   4.0287356928000003E-008   1.4111300044799999E-007
 %xp=          812   8.0571262464000001E-008   6.0392844287999997E-008   1.4110000127999999E-007
 %xp=          813   1.2094948454399999E-007   4.0291550208000001E-008   1.2095000064000000E-007
 %xp=          814   1.4110948454400001E-007   6.0444453887999997E-008   1.2095148441600000E-007
 %xp=          815   1.4112199987199999E-007   4.0314613248000004E-008   1.4112199987199999E-007
 %xp=          816   1.2094100121600002E-007   6.0440002559999989E-008   1.4111248435200001E-007
 %xp=          817   1.6128051609600001E-007   4.0309645824000001E-008   1.2096299980799999E-007
 %xp=          818   1.8144499967999997E-007   6.0458711040000002E-008   1.2095948390400001E-007
 %xp=          819   1.8143948390399998E-007   4.0322257920000000E-008   1.4112499967999999E-007
 %xp=          820   1.6128251596799999E-007   6.0491450879999999E-008   1.4112651571200002E-007
 %xp=          821   2.0160399974400000E-007   4.0300194816000002E-008   1.2095648409600001E-007
 %xp=          822   2.2179099801600003E-007   6.0413391360000003E-008   1.2092848588800001E-007
 %xp=          823   2.2176651571200000E-007   4.0297001472000001E-008   1.4111648409600000E-007
 %xp=          824   2.0160851558400000E-007   6.0466355711999998E-008   1.4111900006400002E-007
 %xp=          825   2.4194199859200001E-007   4.0279615488000000E-008   1.2094248499200000E-007
 %xp=          826   2.6213651251200001E-007   6.0410198016000002E-008   1.2093248563200000E-007
 %xp=          827   2.6210899814399997E-007   4.0278647808000004E-008   1.4111100057599998E-007
 %xp=          828   2.4196751308799997E-007   6.0405262847999996E-008   1.4110200115200000E-007
 %xp=          829   2.8227051417599996E-007   4.0287356928000003E-008   1.2094400102399999E-007
 %xp=          830   3.0243151411199997E-007   6.0448260096000004E-008   1.2094400102399999E-007
 %xp=          831   3.0242499839999998E-007   4.0293840383999996E-008   1.4111300044799999E-007
 %xp=          832   2.8229699635199999E-007   6.0421745664000005E-008   1.4110900070400000E-007
 %xp=          833   1.2066314803200000E-011   8.0621356032000004E-008   1.2094648473600002E-007
 %xp=          834   2.0148749107200000E-008   1.0078900070400000E-007   1.2095000064000000E-007
 %xp=          835   2.0147800780799999E-008   8.0625355775999996E-008   1.4111400038400001E-007
 %xp=          836   1.1129958604800000E-011   1.0079248435200000E-007   1.4111600025599999E-007
 %xp=          837   4.0272099840000000E-008   8.0602905599999994E-008   1.2093848524800000E-007
 %xp=          838   6.0384264192000000E-008   1.0073748787199999E-007   1.2091700275200001E-007
 %xp=          839   6.0388263936000006E-008   8.0565198335999995E-008   1.4110100121600001E-007
 %xp=          840   4.0289356799999999E-008   1.0078548479999999E-007   1.4111300044799999E-007
 %xp=          841   8.0548457471999995E-008   8.0546006015999996E-008   1.2091348684800000E-007
 %xp=          842   1.0064500992000000E-007   1.0063701043200000E-007   1.2085000704000002E-007
 %xp=          843   1.0067749171200000E-007   8.0480397312000008E-008   1.4107000320000001E-007
 %xp=          844   8.0466236928000003E-008   1.0066049280000000E-007   1.4107148697600001E-007
 %xp=          845   1.2088348876799999E-007   8.0490557951999993E-008   1.2087200563199999E-007
 %xp=          846   1.4102548992000000E-007   1.0055501567999999E-007   1.2077301196800000E-007
 %xp=          847   1.4110048512000000E-007   8.0626065408000002E-008   1.4112451584000001E-007
 %xp=          848   1.2075601305600002E-007   1.0052350156800000E-007   1.4097400934399999E-007
 %xp=          849   1.6127648409600002E-007   8.0586713087999997E-008   1.2093200179199999E-007
 %xp=          850   1.8145999872000001E-007   1.0068249139200000E-007   1.2083949158400002E-007
 %xp=          851   1.8145499903999999E-007   8.0664708095999989E-008   1.4113251532799999E-007
 %xp=          852   1.6128551577599999E-007   1.0079300044800000E-007   1.4109000192000000E-007
 %xp=          853   2.0163451391999999E-007   8.0547102720000001E-008   1.2089800396800001E-007
 %xp=          854   2.2192650547199998E-007   1.0057149849600000E-007   1.2080849356799999E-007
 %xp=          855   2.2183399526400001E-007   8.0532942335999996E-008   1.4107948646399999E-007
 %xp=          856   2.0169999360000001E-007   1.0067800780800000E-007   1.4101400678400000E-007
 %xp=          857   2.4202050969599997E-007   8.0511814656000005E-008   1.2089848780800000E-007
 %xp=          858   2.6220699187199999E-007   1.0069849036800000E-007   1.2089848780800000E-007
 %xp=          859   2.6219299276800000E-007   8.0525749248000003E-008   1.4109500160000001E-007
 %xp=          860   2.4213398630399998E-007   1.0058449766399999E-007   1.4105200435200000E-007
 %xp=          861   2.8230851174400001E-007   8.0581939199999994E-008   1.2093248563200000E-007
 %xp=          862   3.0243899750399997E-007   1.0077700147200000E-007   1.2094248499200000E-007
 %xp=          863   3.0243999743999999E-007   8.0609937408000010E-008   1.4111100057599998E-007
 %xp=          864   2.8231351142399999E-007   1.0075100313600000E-007   1.4110200115200000E-007
 %xp=          865   9.8677813248000001E-012   1.2095500032000001E-007   1.2095500032000001E-007
 %xp=          866   2.0157448550400001E-008   1.4111948390400000E-007   1.2096099993599998E-007
 %xp=          867   2.0157448550400001E-008   1.2096051609600000E-007   1.4111948390400000E-007
 %xp=          868   4.1348256767999999E-012   1.4112151603200001E-007   1.4112199987199999E-007
 %xp=          869   4.0294001664000000E-008   1.2095000064000000E-007   1.2095000064000000E-007
 %xp=          870   6.0452711424000000E-008   1.4111100057599998E-007   1.2095048447999998E-007
 %xp=          871   6.0449550336000008E-008   1.2094648473600002E-007   1.4111248435200001E-007
 %xp=          872   4.0322709503999995E-008   1.4112199987199999E-007   1.4112251596800000E-007
 %xp=          873   8.0466204671999994E-008   1.2085900646400000E-007   1.2085949030399998E-007
 %xp=          874   1.0049650329599999E-007   1.4097200947200001E-007   1.2072201523199998E-007
 %xp=          875   1.0048250419200000E-007   1.2070901606399999E-007   1.4096749363200001E-007
 %xp=          876   8.0655644160000007E-008   1.4111348428800000E-007   1.4112199987199999E-007
 %xp=          877   1.2072449894400000E-007   1.2069750067200002E-007   1.2071349964799999E-007
 %xp=          878   1.4089801420800000E-007   1.4071151001599999E-007   1.2056399308799999E-007
 %xp=          879   1.4088701491199998E-007   1.2051099647999999E-007   1.4072650905600000E-007
 %xp=          880   1.2044300083200001E-007   1.4069751091199998E-007   1.4069251123200000E-007
 %xp=          881   1.6116449126400001E-007   1.2075849676800001E-007   1.2080049408000000E-007
 %xp=          882   1.8149251276800001E-007   1.4024050790399999E-007   1.2019450060800000E-007
 %xp=          883   1.8149251276800001E-007   1.2089748787200000E-007   1.4084898508799999E-007
 %xp=          884   1.6096398796800002E-007   1.4133950208000000E-007   1.4138301542400001E-007
 %xp=          885   2.0184398438399999E-007   1.2056999270400000E-007   1.2061199001600001E-007
 %xp=          886   2.2214849126399999E-007   1.4087501567999998E-007   1.2061199001600001E-007
 %xp=          887   2.2215949056000001E-007   1.2055899340800001E-007   1.4089001471999999E-007
 %xp=          888   2.0227350527999998E-007   1.4044549478399999E-007   1.4048900812800000E-007
 %xp=          889   2.4214750156799999E-007   1.2079249459199999E-007   1.2080849356799999E-007
 %xp=          890   2.6217199411199999E-007   1.4108400230399999E-007   1.2089800396800001E-007
 %xp=          891   2.6218599321599998E-007   1.2088500479999999E-007   1.4107948646399999E-007
 %xp=          892   2.4204050841600001E-007   1.4101900646399999E-007   1.4101400678400000E-007
 %xp=          893   2.8230551193600001E-007   1.2092800204800000E-007   1.2092848588800001E-007
 %xp=          894   3.0241851494400000E-007   1.4111500032000000E-007   1.2095648409600001E-007
 %xp=          895   3.0242151475200000E-007   1.2095248435199999E-007   1.4111648409600000E-007
 %xp=          896   2.8225251532800000E-007   1.4111048448000000E-007   1.4111900006400002E-007
 %xp=          897   3.9596304383999996E-012   1.6127900006400001E-007   1.2096451583999999E-007
 %xp=          898   2.0157448550400001E-008   1.8143848396800002E-007   1.2096399974400001E-007
 %xp=          899   2.0165099673600001E-008   1.6128000000000000E-007   1.4112499967999999E-007
 %xp=          900  -4.9928352768000004E-013   1.8143700019200001E-007   1.4112399974400000E-007
 %xp=          901   4.0314193919999997E-008   1.6127900006400001E-007   1.2096351590400000E-007
 %xp=          902   6.0462194688000001E-008   1.8144251596800001E-007   1.2095700019199999E-007
 %xp=          903   6.0505740287999999E-008   1.6127900006400001E-007   1.4112599961599998E-007
 %xp=          904   4.0327193088000000E-008   1.8143648409599998E-007   1.4112451584000001E-007
 %xp=          905   8.0624839680000003E-008   1.6127348428799999E-007   1.2094900070400001E-007
 %xp=          906   1.0053598464000001E-007   1.8155450879999999E-007   1.2075601305600002E-007
 %xp=          907   1.0096198963200000E-007   1.6126400102400000E-007   1.4113499903999999E-007
 %xp=          908   8.0680707072000000E-008   1.8143348428799998E-007   1.4112951551999999E-007
 %xp=          909   1.2023701401599999E-007   1.6125900134400002E-007   1.2030849331199999E-007
 %xp=          910   1.4108648601600002E-007   1.8171801446400000E-007   1.2075249715200001E-007
 %xp=          911   1.3984550092800001E-007   1.6122600345600000E-007   1.3930250342400001E-007
 %xp=          912   1.2055799347200002E-007   1.8175501209600001E-007   1.4076850636799999E-007
 %xp=          913   1.6100098560000000E-007   1.6122600345600000E-007   1.2065550336000000E-007
 %xp=          914   1.8149251276800001E-007   1.8171801446400000E-007   1.2065550336000000E-007
 %xp=          915   1.8248599756799999E-007   1.6023300249599998E-007   1.3804200345600000E-007
 %xp=          916   1.6185799526399997E-007   1.8086100480000000E-007   1.4227699046400000E-007
 %xp=          917   2.0247849216000000E-007   1.6122600345600000E-007   1.2019450060800000E-007
 %xp=          918   2.2195998719999998E-007   1.8155450879999999E-007   1.2080049408000000E-007
 %xp=          919   2.2182099609600001E-007   1.6122600345600000E-007   1.4084898508799999E-007
 %xp=          920   2.0137949798400000E-007   1.8175501209600001E-007   1.4138301542400001E-007
 %xp=          921   2.4203650867200000E-007   1.6125900134400002E-007   1.2083949158400002E-007
 %xp=          922   2.6213251276799999E-007   1.8144251596800001E-007   1.2093200179199999E-007
 %xp=          923   2.6205400166399998E-007   1.6126400102400000E-007   1.4113251532799999E-007
 %xp=          924   2.4192551577600000E-007   1.8143348428799998E-007   1.4109000192000000E-007
 %xp=          925   2.8225999872000001E-007   1.6127348428799999E-007   1.2095948390400001E-007
 %xp=          926   3.0240899942400001E-007   1.8143848396800002E-007   1.2096299980799999E-007
 %xp=          927   3.0239648409599997E-007   1.6127900006400001E-007   1.4112499967999999E-007
 %xp=          928   2.8222700083200000E-007   1.8143648409599998E-007   1.4112651571200002E-007
 %xp=          929   3.9600884736000003E-012   2.0159900006399999E-007   1.2096051609600000E-007
 %xp=          930   2.0148749107200000E-008   2.2176451583999999E-007   1.2095448422400000E-007
 %xp=          931   2.0157448550400001E-008   2.0159600025599999E-007   1.4112199987199999E-007
 %xp=          932   4.1353579008000002E-012   2.2175900006399998E-007   1.4111900006400002E-007
 %xp=          933   4.0299936767999998E-008   2.0160399974400000E-007   1.2095548415999999E-007
 %xp=          934   6.0396134399999997E-008   2.2180851302400000E-007   1.2092448614399999E-007
 %xp=          935   6.0467162112000004E-008   2.0160299980800001E-007   1.4111800012800000E-007
 %xp=          936   4.0296356352000000E-008   2.2176599961600000E-007   1.4111600025599999E-007
 %xp=          937   8.0497234944000006E-008   2.0167851110399999E-007   1.2088248883200000E-007
 %xp=          938   1.0062349516799999E-007   2.2189699123199998E-007   1.2082349260799999E-007
 %xp=          939   1.0057549824000000E-007   2.0179398758399999E-007   1.4101249075200000E-007
 %xp=          940   8.0501008895999991E-008   2.2186799308799999E-007   1.4108200243200001E-007
 %xp=          941   1.2070801612800000E-007   2.0178798796799998E-007   1.2067798579199999E-007
 %xp=          942   1.4093049600000000E-007   2.2201050009600002E-007   1.2067798579199999E-007
 %xp=          943   1.4083898572800000E-007   2.0188001433600000E-007   1.4056300339200002E-007
 %xp=          944   1.2069498470400000E-007   2.2202349926400001E-007   1.4089601433600001E-007
 %xp=          945   1.6100098560000000E-007   2.0163251404800001E-007   1.2075249715200001E-007
 %xp=          946   1.8145999872000001E-007   2.2248150220800002E-007   1.2030849331199999E-007
 %xp=          947   1.8149251276800001E-007   2.0287301529600000E-007   1.3930250342400001E-007
 %xp=          948   1.6096398796800002E-007   2.2216049049599997E-007   1.4076850636799999E-007
 %xp=          949   2.0200749004799998E-007   2.0182098585600000E-007   1.2056399308799999E-007
 %xp=          950   2.2202149939200000E-007   2.2199398502399998E-007   1.2071349964799999E-007
 %xp=          951   2.2220748748800000E-007   2.0183198515200001E-007   1.4072650905600000E-007
 %xp=          952   2.0202148915199999E-007   2.2227551539200000E-007   1.4069251123200000E-007
 %xp=          953   2.4216398438400000E-007   2.0169299404800002E-007   1.2077301196800000E-007
 %xp=          954   2.6222850662400003E-007   2.2183551129600001E-007   1.2087200563199999E-007
 %xp=          955   2.6209299916800000E-007   2.0161799884800001E-007   1.4112451584000001E-007
 %xp=          956   2.4219501465599997E-007   2.2196250316800000E-007   1.4097400934399999E-007
 %xp=          957   2.8227399782400000E-007   2.0160951552000002E-007   1.2095148441600000E-007
 %xp=          958   3.0242699827200002E-007   2.2176899942400000E-007   1.2095000064000000E-007
 %xp=          959   3.0240399974400003E-007   2.0159700019200000E-007   1.4112199987199999E-007
 %xp=          960   2.8227899750399998E-007   2.2177751500799999E-007   1.4111248435200001E-007
 %xp=          961   9.8685651455999996E-012   2.4193099929600002E-007   1.2094948454399999E-007
 %xp=          962   2.0145100953600000E-008   2.6209999872000002E-007   1.2094648473600002E-007
 %xp=          963   2.0147800780799999E-008   2.4192699955200001E-007   1.4111600025599999E-007
 %xp=          964   1.1130810163200002E-011   2.6209399910400002E-007   1.4111348428800000E-007
 %xp=          965   4.0274293248000002E-008   2.4194899814399998E-007   1.2094148505600000E-007
 %xp=          966   6.0418391040000000E-008   2.6213099673600000E-007   1.2093200179199999E-007
 %xp=          967   6.0396940800000002E-008   2.4197951232000002E-007   1.4110300108799999E-007
 %xp=          968   4.0276938240000000E-008   2.6211299788799999E-007   1.4111100057599998E-007
 %xp=          969   8.0531910143999996E-008   2.4200699443200002E-007   1.2090100377600001E-007
 %xp=          970   1.0071148953600000E-007   2.6218699315200000E-007   1.2090100377600001E-007
 %xp=          971   1.0063201075200000E-007   2.4208650547200000E-007   1.4104500479999998E-007
 %xp=          972   8.0542361088000007E-008   2.6217650995199999E-007   1.4109100185600001E-007
 %xp=          973   1.2082200883200002E-007   2.4209498880000002E-007   1.2082349260799999E-007
 %xp=          974   1.4104048896000001E-007   2.6222150707200001E-007   1.2088248883200000E-007
 %xp=          975   1.4092449638400000E-007   2.4214350182400002E-007   1.4101249075200000E-007
 %xp=          976   1.2085049088000000E-007   2.6221799116799998E-007   1.4108200243200001E-007
 %xp=          977   1.6116449126400001E-007   2.4218301542400002E-007   1.2075601305600002E-007
 %xp=          978   1.8144499967999997E-007   2.6209351526400003E-007   1.2094900070400001E-007
 %xp=          979   1.8145499903999999E-007   2.4175701043200001E-007   1.4113499903999999E-007
 %xp=          980   1.6128551577599999E-007   2.6203800268800001E-007   1.4112951551999999E-007
 %xp=          981   2.0174650675199997E-007   2.4222249676800002E-007   1.2072201523199998E-007
 %xp=          982   2.2185999360000000E-007   2.6225298892800003E-007   1.2085949030399998E-007
 %xp=          983   2.2200998399999998E-007   2.4223649587200001E-007   1.4096749363200001E-007
 %xp=          984   2.0160551577600000E-007   2.6206348492799997E-007   1.4112199987199999E-007
 %xp=          985   2.4208198963200000E-007   2.4207350630399997E-007   1.2085000704000002E-007
 %xp=          986   2.6217251020800003E-007   2.6216999424000001E-007   1.2091348684800000E-007
 %xp=          987   2.6223850598400000E-007   2.4204099225600000E-007   1.4107000320000001E-007
 %xp=          988   2.4205799116799999E-007   2.6225250508799999E-007   1.4107148697600001E-007
 %xp=          989   2.8232551065600000E-007   2.4197099673600001E-007   1.2092000255999999E-007
 %xp=          990   3.0244299724799999E-007   2.6211199795199997E-007   1.2093900134400001E-007
 %xp=          991   3.0243099801600004E-007   2.4193499903999999E-007   1.4111300044799999E-007
 %xp=          992   2.8232599449599998E-007   2.6214751180800000E-007   1.4110000127999999E-007
 %xp=          993   1.2067188940800001E-011   2.8226199859199999E-007   1.2094448486400001E-007
 %xp=          994   2.0153648793599998E-008   3.0241499903999996E-007   1.2094648473600002E-007
 %xp=          995   2.0147600793599999E-008   2.8225999872000001E-007   1.4111300044799999E-007
 %xp=          996   1.1031577804799999E-011   3.0241799884800002E-007   1.4111248435200001E-007
 %xp=          997   4.0290840575999995E-008   2.8226799820799999E-007   1.2094300108800000E-007
 %xp=          998   6.0450808320000003E-008   3.0242799820800004E-007   1.2094300108800000E-007
 %xp=          999   6.0427745280000007E-008   2.8229099673600004E-007   1.4110700083200001E-007
 %xp=         1000   4.0296291839999995E-008   3.0242251468800001E-007   1.4111200051200000E-007
 %xp=         1001   8.0587390463999994E-008   2.8230051225599997E-007   1.2093200179199999E-007
 %xp=         1002   1.0077000191999999E-007   3.0244451327999999E-007   1.2094148505600000E-007
 %xp=         1003   1.0073900390400000E-007   2.8232151091199998E-007   1.4110300108799999E-007
 %xp=         1004   8.0605647359999991E-008   3.0244151347199999E-007   1.4111100057599998E-007
 %xp=         1005   1.2091000319999999E-007   2.8232251084800000E-007   1.2092448614399999E-007
 %xp=         1006   1.4111500032000000E-007   3.0241899878399998E-007   1.2095548415999999E-007
 %xp=         1007   1.4111600025599999E-007   2.8225151539199999E-007   1.4111800012800000E-007
 %xp=         1008   1.2095300044800000E-007   3.0242251468800001E-007   1.4111600025599999E-007
 %xp=         1009   1.6127648409600002E-007   2.8225651507200002E-007   1.2095700019199999E-007
 %xp=         1010   1.8143948390399998E-007   3.0240451584000001E-007   1.2096351590400000E-007
 %xp=         1011   1.8143948390399998E-007   2.8221300172800001E-007   1.4112599961599998E-007
 %xp=         1012   1.6128251596799999E-007   3.0239148441599999E-007   1.4112451584000001E-007
 %xp=         1013   2.0160799948800002E-007   2.8226599833600001E-007   1.2095048447999998E-007
 %xp=         1014   2.2176851558399999E-007   3.0242499839999998E-007   1.2095000064000000E-007
 %xp=         1015   2.2177251532800001E-007   2.8226899814400001E-007   1.4111248435200001E-007
 %xp=         1016   2.0159648409600000E-007   3.0239600025599999E-007   1.4112251596800000E-007
 %xp=         1017   2.4198151219200001E-007   2.8233451008000000E-007   1.2091700275200001E-007
 %xp=         1018   2.6211551385600000E-007   3.0244651315200002E-007   1.2093848524800000E-007
 %xp=         1019   2.6215351142400000E-007   2.8233051033599998E-007   1.4110100121600001E-007
 %xp=         1020   2.4193351526399999E-007   3.0242951423999998E-007   1.4111300044799999E-007
 %xp=         1021   2.8228951295999998E-007   2.8228899686400000E-007   1.2093700147200000E-007
 %xp=         1022   3.0242299852800000E-007   3.0242299852800000E-007   1.2094500095999999E-007
 %xp=         1023   3.0244051353599997E-007   2.8227551385599999E-007   1.4111000063999999E-007
 %xp=         1024   2.8227751372799998E-007   3.0244151347199999E-007   1.4111048448000000E-007
