 %xp=            1   8.8363150847999997E-012   8.0205221375999999E-012   1.6128000000000000E-007
 %xp=            2   2.0150748979200000E-008   2.0149900646400001E-008   1.6128000000000000E-007
 %xp=            3   2.0153948774400001E-008   4.8441447935999997E-012   1.8144699955200001E-007
 %xp=            4   6.4687279104000001E-012   2.0152300492800000E-008   1.8144699955200001E-007
 %xp=            5   4.0302259200000002E-008   8.0201447423999999E-012   1.6128000000000000E-007
 %xp=            6   6.0461065728000002E-008   2.0146949222400000E-008   1.6128000000000000E-007
 %xp=            7   6.0458549759999998E-008   1.1178949017600001E-011   1.8144699955200001E-007
 %xp=            8   4.0300839935999997E-008   2.0147700787200002E-008   1.8144751564799999E-007
 %xp=            9   8.0625807359999999E-008   1.1579397580799999E-011   1.6128000000000000E-007
 %xp=           10   1.0079500032000001E-007   2.0151948902400001E-008   1.6128000000000000E-007
 %xp=           11   1.0079148441600001E-007   1.0969178572800000E-011   1.8144399974400001E-007
 %xp=           12   8.0624484864000000E-008   2.0147600793599999E-008   1.8144651571200000E-007
 %xp=           13   1.2096099993599998E-007   5.7033478656000002E-012   1.6128000000000000E-007
 %xp=           14   1.4112499967999999E-007   2.0159348428800001E-008   1.6128000000000000E-007
 %xp=           15   1.4112299980799998E-007   1.3161138278400002E-012   1.8143800012800001E-007
 %xp=           16   1.2095999999999999E-007   2.0154600345600000E-008   1.8144099993600001E-007
 %xp=           17   1.6128299980800000E-007  -6.4997259263999994E-012   1.6128000000000000E-007
 %xp=           18   1.8143848396800002E-007   2.0159348428800001E-008   1.6128000000000000E-007
 %xp=           19   1.8143848396800002E-007  -6.4994969088000003E-012   1.8143500032000000E-007
 %xp=           20   1.6128199987199998E-007   2.0159100057599998E-008   1.8143600025600000E-007
 %xp=           21   2.0159448422400001E-007  -6.4990517760000004E-012   1.6128000000000000E-007
 %xp=           22   2.2175700019199999E-007   2.0151948902400001E-008   1.6128000000000000E-007
 %xp=           23   2.2175848396800000E-007   1.3167647539199999E-012   1.8144051609600002E-007
 %xp=           24   2.0159700019200000E-007   2.0154600345600000E-008   1.8143800012800001E-007
 %xp=           25   2.4192251596800000E-007   5.7036446208000001E-012   1.6128000000000000E-007
 %xp=           26   2.6209199923199998E-007   2.0146949222400000E-008   1.6128000000000000E-007
 %xp=           27   2.6209351526400003E-007   1.0969297920000000E-011   1.8144599961599999E-007
 %xp=           28   2.4192651571200002E-007   2.0147600793599999E-008   1.8144399974400001E-007
 %xp=           29   2.8225751500799999E-007   1.1579642726400000E-011   1.6128000000000000E-007
 %xp=           30   3.0241699891200000E-007   2.0149900646400001E-008   1.6128000000000000E-007
 %xp=           31   3.0241851494400000E-007   1.1179390924800000E-011   1.8144699955200001E-007
 %xp=           32   2.8225851494400001E-007   2.0147700787200002E-008   1.8144699955200001E-007
 %xp=           33   8.8358376960000001E-012   4.0302194687999998E-008   1.6128000000000000E-007
 %xp=           34   2.0147200819200000E-008   6.0461452800000000E-008   1.6128000000000000E-007
 %xp=           35   2.0147600793599999E-008   4.0300194816000002E-008   1.8144699955200001E-007
 %xp=           36   1.1030510131200001E-011   6.0459904512000006E-008   1.8144699955200001E-007
 %xp=           37   4.0286034431999997E-008   4.0285357055999999E-008   1.6128000000000000E-007
 %xp=           38   6.0401553408000002E-008   6.0400488959999993E-008   1.6128000000000000E-007
 %xp=           39   6.0443163647999994E-008   4.0278454271999998E-008   1.8144999936000001E-007
 %xp=           40   4.0277035008000000E-008   6.0441034752000002E-008   1.8144951552000000E-007
 %xp=           41   8.0614550015999995E-008   4.0281937920000004E-008   1.6128000000000000E-007
 %xp=           42   1.0076600217600001E-007   6.0421810175999995E-008   1.6128000000000000E-007
 %xp=           43   1.0078348492800001E-007   4.0287356928000003E-008   1.8144699955200001E-007
 %xp=           44   8.0571262464000001E-008   6.0392844287999997E-008   1.8145999872000001E-007
 %xp=           45   1.2095948390400001E-007   4.0306452480000001E-008   1.6128000000000000E-007
 %xp=           46   1.4112499967999999E-007   6.0488096255999995E-008   1.6128000000000000E-007
 %xp=           47   1.4112199987199999E-007   4.0314613248000004E-008   1.8143800012800001E-007
 %xp=           48   1.2094100121600002E-007   6.0440002559999989E-008   1.8144751564799999E-007
 %xp=           49   1.6128299980800000E-007   4.0330257407999998E-008   1.6128000000000000E-007
 %xp=           50   1.8143748403200000E-007   6.0509740031999992E-008   1.6128000000000000E-007
 %xp=           51   1.8143948390399998E-007   4.0322257920000000E-008   1.8143500032000000E-007
 %xp=           52   1.6128251596799999E-007   6.0491450879999999E-008   1.8143348428799998E-007
 %xp=           53   2.0159600025599999E-007   4.0318451711999999E-008   1.6128000000000000E-007
 %xp=           54   2.2177599897599999E-007   6.0446002175999991E-008   1.6128000000000000E-007
 %xp=           55   2.2176651571200000E-007   4.0297001472000001E-008   1.8144351590400002E-007
 %xp=           56   2.0160851558400000E-007   6.0466355711999998E-008   1.8144099993600001E-007
 %xp=           57   2.4193351526399999E-007   4.0287840768000001E-008   1.6128000000000000E-007
 %xp=           58   2.6214599577600000E-007   6.0399553535999992E-008   1.6128000000000000E-007
 %xp=           59   2.6210899814399997E-007   4.0278647808000004E-008   1.8144899942399999E-007
 %xp=           60   2.4196751308799997E-007   6.0405262847999996E-008   1.8145799884800002E-007
 %xp=           61   2.8227351398400001E-007   4.0281808895999996E-008   1.6128000000000000E-007
 %xp=           62   3.0243699763199999E-007   6.0445292543999999E-008   1.6128000000000000E-007
 %xp=           63   3.0242499839999998E-007   4.0293840383999996E-008   1.8144699955200001E-007
 %xp=           64   2.8229699635199999E-007   6.0421745664000005E-008   1.8145099929600000E-007
 %xp=           65   1.1783894169599999E-011   8.0626742784000000E-008   1.6128000000000000E-007
 %xp=           66   2.0153048831999999E-008   1.0079648409600001E-007   1.6128000000000000E-007
 %xp=           67   2.0147800780799999E-008   8.0625355775999996E-008   1.8144599961599999E-007
 %xp=           68   1.1129906995199999E-011   1.0079248435200000E-007   1.8144399974400001E-007
 %xp=           69   4.0282195968000001E-008   8.0615808000000004E-008   1.6128000000000000E-007
 %xp=           70   6.0423939072000000E-008   1.0077048575999999E-007   1.6128000000000000E-007
 %xp=           71   6.0388263936000006E-008   8.0565198335999995E-008   1.8145899878399999E-007
 %xp=           72   4.0289356799999999E-008   1.0078548479999999E-007   1.8144699955200001E-007
 %xp=           73   8.0474204160000006E-008   8.0472236544000005E-008   1.6128000000000000E-007
 %xp=           74   1.0044999014400000E-007   1.0044650649600000E-007   1.6128000000000000E-007
 %xp=           75   1.0067749171200000E-007   8.0480397312000008E-008   1.8148999679999999E-007
 %xp=           76   8.0466236928000003E-008   1.0066049280000000E-007   1.8148851302399999E-007
 %xp=           77   1.2091948646400000E-007   8.0596196351999998E-008   1.6128000000000000E-007
 %xp=           78   1.4103148953600000E-007   1.0092699187199999E-007   1.6128000000000000E-007
 %xp=           79   1.4110048512000000E-007   8.0626065408000002E-008   1.8143548416000002E-007
 %xp=           80   1.2075601305600002E-007   1.0052350156800000E-007   1.8158599065600000E-007
 %xp=           81   1.6128451584000000E-007   8.0726091264000003E-008   1.6128000000000000E-007
 %xp=           82   1.8152051097599998E-007   1.0101750220800001E-007   1.6128000000000000E-007
 %xp=           83   1.8145499903999999E-007   8.0664708095999989E-008   1.8142748467200000E-007
 %xp=           84   1.6128551577599999E-007   1.0079300044800000E-007   1.8146999808000000E-007
 %xp=           85   2.0162051481600000E-007   8.0655644160000007E-008   1.6128000000000000E-007
 %xp=           86   2.2200198451200000E-007   1.0056249907199999E-007   1.6128000000000000E-007
 %xp=           87   2.2183399526400001E-007   8.0532942335999996E-008   1.8148051353599998E-007
 %xp=           88   2.0169999360000001E-007   1.0067800780800000E-007   1.8154599321600000E-007
 %xp=           89   2.4204399206400000E-007   8.0494493183999995E-008   1.6128000000000000E-007
 %xp=           90   2.6222399078399998E-007   1.0067449190400000E-007   1.6128000000000000E-007
 %xp=           91   2.6219299276800000E-007   8.0525749248000003E-008   1.8146499839999999E-007
 %xp=           92   2.4213398630399998E-007   1.0058449766399999E-007   1.8150799564799997E-007
 %xp=           93   2.8231899494400001E-007   8.0573036544000003E-008   1.6128000000000000E-007
 %xp=           94   3.0243099801600004E-007   1.0078548479999999E-007   1.6128000000000000E-007
 %xp=           95   3.0243999743999999E-007   8.0609937408000010E-008   1.8144899942399999E-007
 %xp=           96   2.8231351142399999E-007   1.0075100313600000E-007   1.8145799884800002E-007
 %xp=           97   6.7968714240000003E-012   1.2096199987200000E-007   1.6128000000000000E-007
 %xp=           98   2.0165099673600001E-008   1.4112451584000001E-007   1.6128000000000000E-007
 %xp=           99   2.0157448550400001E-008   1.2096051609600000E-007   1.8144051609600002E-007
 %xp=          100   4.1347676159999999E-012   1.4112151603200001E-007   1.8143800012800001E-007
 %xp=          101   4.0311355391999999E-008   1.2096099993599998E-007   1.6128000000000000E-007
 %xp=          102   6.0501934080000006E-008   1.4112351590399999E-007   1.6128000000000000E-007
 %xp=          103   6.0449550336000008E-008   1.2094648473600002E-007   1.8144751564799999E-007
 %xp=          104   4.0322709503999995E-008   1.4112199987199999E-007   1.8143748403200000E-007
 %xp=          105   8.0612098559999996E-008   1.2093200179199999E-007   1.6128000000000000E-007
 %xp=          106   1.0095299020800000E-007   1.4110100121600001E-007   1.6128000000000000E-007
 %xp=          107   1.0048250419200000E-007   1.2070901606399999E-007   1.8159250636800001E-007
 %xp=          108   8.0655644160000007E-008   1.4111348428800000E-007   1.8143800012800001E-007
 %xp=          109   1.2011698944000000E-007   1.2018598502400000E-007   1.6128000000000000E-007
 %xp=          110   1.3953500467199999E-007   1.3898000793600001E-007   1.6128000000000000E-007
 %xp=          111   1.4088701491199998E-007   1.2051099647999999E-007   1.8183349094400002E-007
 %xp=          112   1.2044300083200001E-007   1.4069751091199998E-007   1.8186748876800000E-007
 %xp=          113   1.6128699955199999E-007   1.2104799436799999E-007   1.6128000000000000E-007
 %xp=          114   1.8248599756799999E-007   1.3987449907200001E-007   1.6128000000000000E-007
 %xp=          115   1.8149251276800001E-007   1.2089748787200000E-007   1.8171101491199998E-007
 %xp=          116   1.6096398796800002E-007   1.4133950208000000E-007   1.8117698457599998E-007
 %xp=          117   2.0219251046400000E-007   1.2058699161599999E-007   1.6128000000000000E-007
 %xp=          118   2.2213149235200000E-007   1.4052648959999999E-007   1.6128000000000000E-007
 %xp=          119   2.2215949056000001E-007   1.2055899340800001E-007   1.8166998527999999E-007
 %xp=          120   2.0227350527999998E-007   1.4044549478399999E-007   1.8207099187199999E-007
 %xp=          121   2.4215650099199999E-007   1.2071701555200000E-007   1.6128000000000000E-007
 %xp=          122   2.6206300108799999E-007   1.4109848524800002E-007   1.6128000000000000E-007
 %xp=          123   2.6218599321599998E-007   1.2088500479999999E-007   1.8148051353599998E-007
 %xp=          124   2.4204050841600001E-007   1.4101900646399999E-007   1.8154599321600000E-007
 %xp=          125   2.8227299788799998E-007   1.2094248499200000E-007   1.6128000000000000E-007
 %xp=          126   3.0240051609599999E-007   1.4112251596800000E-007   1.6128000000000000E-007
 %xp=          127   3.0242151475200000E-007   1.2095248435199999E-007   1.8144351590400002E-007
 %xp=          128   2.8225251532800000E-007   1.4111048448000000E-007   1.8144099993600001E-007
 %xp=          129  -4.9952931840000001E-013   1.6128051609600001E-007   1.6128000000000000E-007
 %xp=          130   2.0165099673600001E-008   1.8143548416000002E-007   1.6128000000000000E-007
 %xp=          131   2.0165099673600001E-008   1.6128000000000000E-007   1.8143500032000000E-007
 %xp=          132  -4.9928352768000004E-013   1.8143700019200001E-007   1.8143600025600000E-007
 %xp=          133   4.0340450303999999E-008   1.6128051609600001E-007   1.6128000000000000E-007
 %xp=          134   6.0513739775999998E-008   1.8143448422400000E-007   1.6128000000000000E-007
 %xp=          135   6.0505740287999999E-008   1.6127900006400001E-007   1.8143400038400001E-007
 %xp=          136   4.0327193088000000E-008   1.8143648409599998E-007   1.8143548416000002E-007
 %xp=          137   8.0745090047999989E-008   1.6128151603200000E-007   1.6128000000000000E-007
 %xp=          138   1.0102350182400000E-007   1.8143200051199998E-007   1.6128000000000000E-007
 %xp=          139   1.0096198963200000E-007   1.6126400102400000E-007   1.8142500096000001E-007
 %xp=          140   8.0680707072000000E-008   1.8143348428799998E-007   1.8143048448000000E-007
 %xp=          141   1.2137648947199999E-007   1.6119800524800000E-007   1.6128000000000000E-007
 %xp=          142   1.3999600742400000E-007   1.8297851443199998E-007   1.6128000000000000E-007
 %xp=          143   1.3984550092800001E-007   1.6122600345600000E-007   1.8325749657600002E-007
 %xp=          144   1.2055799347200002E-007   1.8175501209600001E-007   1.8179149363199998E-007
 %xp=          145   2.8225251532800000E-007   3.0240851558399997E-007   3.0240951551999999E-007
 %xp=          146   1.8248599756799999E-007   1.8910350950399997E-007   1.6128000000000000E-007
 %xp=          147   1.8248599756799999E-007   1.6023300249599998E-007   1.8451799654399997E-007
 %xp=          148   1.6185799526399997E-007   1.8086100480000000E-007   1.8028300953600002E-007
 %xp=          149   2.0284398489599998E-007   1.6023300249599998E-007   1.6128000000000000E-007
 %xp=          150   2.2167048960000000E-007   1.8143200051199998E-007   1.6128000000000000E-007
 %xp=          151   2.2182099609600001E-007   1.6122600345600000E-007   1.8171101491199998E-007
 %xp=          152   2.0137949798400000E-007   1.8175501209600001E-007   1.8117698457599998E-007
 %xp=          153   2.4170101401600000E-007   1.6119800524800000E-007   1.6128000000000000E-007
 %xp=          154   2.6199248947200001E-007   1.8143448422400000E-007   1.6128000000000000E-007
 %xp=          155   2.6205400166399998E-007   1.6126400102400000E-007   1.8142748467200000E-007
 %xp=          156   2.4192551577600000E-007   1.8143348428799998E-007   1.8146999808000000E-007
 %xp=          157   2.8220900198399999E-007   1.6128151603200000E-007   1.6128000000000000E-007
 %xp=          158   3.0238848460799999E-007   1.8143548416000002E-007   1.6128000000000000E-007
 %xp=          159   3.0239648409599997E-007   1.6127900006400001E-007   1.8143500032000000E-007
 %xp=          160   2.8222700083200000E-007   1.8143648409599998E-007   1.8143348428799998E-007
 %xp=          161  -4.9912902143999999E-013   2.0159348428800000E-007   1.6128000000000000E-007
 %xp=          162   2.0153048831999999E-008   2.2175748403200001E-007   1.6128000000000000E-007
 %xp=          163   2.0157448550400001E-008   2.0159600025599999E-007   1.8143800012800001E-007
 %xp=          164   4.1353030656000004E-012   2.2175900006399998E-007   1.8144099993600001E-007
 %xp=          165   4.0318742015999998E-008   2.0159448422400001E-007   1.6128000000000000E-007
 %xp=          166   6.0442486271999997E-008   2.2177399910400001E-007   1.6128000000000000E-007
 %xp=          167   6.0467162112000004E-008   2.0160299980800001E-007   1.8144199987199997E-007
 %xp=          168   4.0296356352000000E-008   2.2176599961600000E-007   1.8144399974400001E-007
 %xp=          169   8.0654257152000004E-008   2.0160399974400000E-007   1.6128000000000000E-007
 %xp=          170   1.0055149977599999E-007   2.2202701516800002E-007   1.6128000000000000E-007
 %xp=          171   1.0057549824000000E-007   2.0179398758399999E-007   1.8154750924800000E-007
 %xp=          172   8.0501008895999991E-008   2.2186799308799999E-007   1.8147799756799999E-007
 %xp=          173   1.2048151449599999E-007   2.0221850879999999E-007   1.6128000000000000E-007
 %xp=          174   1.4050049126400000E-007   2.2223700172800000E-007   1.6128000000000000E-007
 %xp=          175   1.4083898572800000E-007   2.0188001433600000E-007   1.8199699660800001E-007
 %xp=          176   1.2069498470400000E-007   2.2202349926400001E-007   1.8166398566399998E-007
 %xp=          177   1.5974048563199999E-007   2.0272250880000001E-007   1.6128000000000000E-007
 %xp=          178   1.8152051097599998E-007   2.2134251059200000E-007   1.6128000000000000E-007
 %xp=          179   1.8149251276800001E-007   2.0287301529600000E-007   1.8325749657600002E-007
 %xp=          180   1.6096398796800002E-007   2.2216049049599997E-007   1.8179149363199998E-007
 %xp=          181   2.0373899212800001E-007   2.0318351155199999E-007   1.6128000000000000E-007
 %xp=          182   2.2253301504000002E-007   2.2260149452799999E-007   1.6128000000000000E-007
 %xp=          183   2.2220748748800000E-007   2.0183198515200001E-007   1.8183349094400002E-007
 %xp=          184   2.0202148915199999E-007   2.2227551539200000E-007   1.8186748876800000E-007
 %xp=          185   2.4179200819200000E-007   2.0168751052799999E-007   1.6128000000000000E-007
 %xp=          186   2.6212251340800003E-007   2.2179899750399998E-007   1.6128000000000000E-007
 %xp=          187   2.6209299916800000E-007   2.0161799884800001E-007   1.8143548416000002E-007
 %xp=          188   2.4219501465599997E-007   2.2196250316800000E-007   1.8158599065600000E-007
 %xp=          189   2.8223100057600001E-007   2.0159348428800000E-007   1.6128000000000000E-007
 %xp=          190   3.0241251532799999E-007   2.2175948390399999E-007   1.6128000000000000E-007
 %xp=          191   3.0240399974400003E-007   2.0159700019200000E-007   1.8143800012800001E-007
 %xp=          192   2.8227899750399998E-007   2.2177751500799999E-007   1.8144751564799999E-007
 %xp=          193   6.7975423487999999E-012   2.4192351590400002E-007   1.6128000000000000E-007
 %xp=          194   2.0147200819200000E-008   2.6209299916800000E-007   1.6128000000000000E-007
 %xp=          195   2.0147800780799999E-008   2.4192699955200001E-007   1.8144399974400001E-007
 %xp=          196   1.1130810163200002E-011   2.6209399910400002E-007   1.8144651571200000E-007
 %xp=          197   4.0287195647999999E-008   2.4193451520000001E-007   1.6128000000000000E-007
 %xp=          198   6.0401714687999992E-008   2.6214899558400000E-007   1.6128000000000000E-007
 %xp=          199   6.0396940800000002E-008   2.4197951232000002E-007   1.8145699891200000E-007
 %xp=          200   4.0276938240000000E-008   2.6211299788799999E-007   1.8144899942399999E-007
 %xp=          201   8.0496460799999996E-008   2.4205350758399998E-007   1.6128000000000000E-007
 %xp=          202   1.0066549248000000E-007   2.6222250700800003E-007   1.6128000000000000E-007
 %xp=          203   1.0063201075200000E-007   2.4208650547200000E-007   1.8151499519999999E-007
 %xp=          204   8.0542361088000007E-008   2.6217650995199999E-007   1.8146899814399998E-007
 %xp=          205   1.2069150105599999E-007   2.4216698419200000E-007   1.6128000000000000E-007
 %xp=          206   1.4111448422399999E-007   2.6206448486399999E-007   1.6128000000000000E-007
 %xp=          207   1.4092449638400000E-007   2.4214350182400002E-007   1.8154750924800000E-007
 %xp=          208   1.2085049088000000E-007   2.6221799116799998E-007   1.8147799756799999E-007
 %xp=          209   1.6128699955199999E-007   2.4169549823999998E-007   1.6128000000000000E-007
 %xp=          210   1.8143748403200000E-007   2.6197400678400002E-007   1.6128000000000000E-007
 %xp=          211   1.8145499903999999E-007   2.4175701043200001E-007   1.8142500096000001E-007
 %xp=          212   1.6128551577599999E-007   2.6203800268800001E-007   1.8143048448000000E-007
 %xp=          213   2.0161799884800001E-007   2.4176600985600001E-007   1.6128000000000000E-007
 %xp=          214   2.2178651443200002E-007   2.6210651443200000E-007   1.6128000000000000E-007
 %xp=          215   2.2200998399999998E-007   2.4223649587200001E-007   1.8159250636800001E-007
 %xp=          216   2.0160551577600000E-007   2.6206348492799997E-007   1.8143800012800001E-007
 %xp=          217   2.4227200972799998E-007   2.4226849382400000E-007   1.6128000000000000E-007
 %xp=          218   2.6224650547199999E-007   2.6224450560000000E-007   1.6128000000000000E-007
 %xp=          219   2.6223850598400000E-007   2.4204099225600000E-007   1.8148999679999999E-007
 %xp=          220   2.4205799116799999E-007   2.6225250508799999E-007   1.8148851302399999E-007
 %xp=          221   2.8229699635199999E-007   2.4195299788800000E-007   1.6128000000000000E-007
 %xp=          222   3.0243699763199999E-007   2.6210451455999997E-007   1.6128000000000000E-007
 %xp=          223   3.0243099801600004E-007   2.4193499903999999E-007   1.8144699955200001E-007
 %xp=          224   2.8232599449599998E-007   2.6214751180800000E-007   1.8145999872000001E-007
 %xp=          225   1.1784939264000000E-011   2.8225799884800003E-007   1.6128000000000000E-007
 %xp=          226   2.0150748979200000E-008   3.0241651507200001E-007   1.6128000000000000E-007
 %xp=          227   2.0147600793599999E-008   2.8225999872000001E-007   1.8144699955200001E-007
 %xp=          228   1.1031477811200001E-011   3.0241799884800002E-007   1.8144751564799999E-007
 %xp=          229   4.0283099136000000E-008   2.8227451391999998E-007   1.6128000000000000E-007
 %xp=          230   6.0444260351999998E-008   3.0243599769599997E-007   1.6128000000000000E-007
 %xp=          231   6.0427745280000007E-008   2.8229099673600004E-007   1.8145299916799999E-007
 %xp=          232   4.0296291839999995E-008   3.0242251468800001E-007   1.8144799948800000E-007
 %xp=          233   8.0569746432000003E-008   2.8231699507200003E-007   1.6128000000000000E-007
 %xp=          234   1.0078400102400000E-007   3.0243199795200000E-007   1.6128000000000000E-007
 %xp=          235   1.0073900390400000E-007   2.8232151091199998E-007   1.8145699891200000E-007
 %xp=          236   8.0605647359999991E-008   3.0244151347199999E-007   1.8144899942399999E-007
 %xp=          237   1.2094500095999999E-007   2.8227651379200001E-007   1.6128000000000000E-007
 %xp=          238   1.4112399974400000E-007   3.0240000000000001E-007   1.6128000000000000E-007
 %xp=          239   1.4111600025599999E-007   2.8225151539199999E-007   1.8144199987199997E-007
 %xp=          240   1.2095300044800000E-007   3.0242251468800001E-007   1.8144399974400001E-007
 %xp=          241   1.6128451584000000E-007   2.8220500224000002E-007   1.6128000000000000E-007
 %xp=          242   1.8143848396800002E-007   3.0237848524800002E-007   1.6128000000000000E-007
 %xp=          243   1.8143948390399998E-007   2.8221300172800001E-007   1.8143400038400001E-007
 %xp=          244   1.6128251596799999E-007   3.0239148441599999E-007   1.8143548416000002E-007
 %xp=          245   2.0159500032000002E-007   2.8221700147199997E-007   1.6128000000000000E-007
 %xp=          246   2.2175800012800001E-007   3.0240751564799996E-007   1.6128000000000000E-007
 %xp=          247   2.2177251532800001E-007   2.8226899814400001E-007   1.8144751564799999E-007
 %xp=          248   2.0159648409600000E-007   3.0239600025599999E-007   1.8143748403200000E-007
 %xp=          249   2.4194851430399999E-007   2.8229499648000001E-007   1.6128000000000000E-007
 %xp=          250   2.6210299852800002E-007   3.0243699763199999E-007   1.6128000000000000E-007
 %xp=          251   2.6215351142400000E-007   2.8233051033599998E-007   1.8145899878399999E-007
 %xp=          252   2.4193351526399999E-007   3.0242951423999998E-007   1.8144699955200001E-007
 %xp=          253   2.8231799500800000E-007   2.8231699507200003E-007   1.6128000000000000E-007
 %xp=          254   3.0243351398400000E-007   3.0243299788800002E-007   1.6128000000000000E-007
 %xp=          255   3.0244051353599997E-007   2.8227551385599999E-007   1.8144999936000001E-007
 %xp=          256   2.8227751372799998E-007   3.0244151347199999E-007   1.8144951552000000E-007
 %xp=          257   6.7758050303999998E-012   5.1443159040000004E-012   2.0161251532799999E-007
 %xp=          258   2.0153648793599998E-008   2.0151948902400001E-008   2.0161251532799999E-007
 %xp=          259   2.0155348684799998E-008   3.4120880639999999E-012   2.2177699891200001E-007
 %xp=          260   5.3195563007999999E-012   2.0153448806399998E-008   2.2177699891200001E-007
 %xp=          261   4.0304097792000002E-008   5.1441191423999994E-012   2.0161351526400001E-007
 %xp=          262   6.0457098240000004E-008   2.0146700851199997E-008   2.0161551513599999E-007
 %xp=          263   6.0459904512000006E-008   6.0953485824000000E-012   2.2177951488000000E-007
 %xp=          264   4.0305194495999999E-008   2.0151400550400002E-008   2.2177799884800000E-007
 %xp=          265   8.0618807808000005E-008   1.3646510438400000E-011   2.0161351526400001E-007
 %xp=          266   1.0078800076800000E-007   2.0148900710400000E-008   2.0161051545600001E-007
 %xp=          267   1.0078200115200000E-007   1.4688405043199999E-011   2.2177851494399998E-007
 %xp=          268   8.0618098175999999E-008   2.0146800844800000E-008   2.2178099865600000E-007
 %xp=          269   1.2095448422400000E-007   9.9999438335999998E-012   2.0160551577600000E-007
 %xp=          270   1.4112000000000001E-007   2.0154800332799999E-008   2.0159948390399997E-007
 %xp=          271   1.4111500032000000E-007   9.9998664192000008E-012   2.2176599961600000E-007
 %xp=          272   1.2095100057599999E-007   2.0149800652799998E-008   2.2177151539199999E-007
 %xp=          273   1.6128051609600001E-007   1.3162218854400001E-012   2.0159600025599999E-007
 %xp=          274   1.8143948390399998E-007   2.0154800332799999E-008   2.0159548416000001E-007
 %xp=          275   1.8143999999999999E-007   5.7031672319999996E-012   2.2176099993600001E-007
 %xp=          276   1.6127900006400001E-007   2.0152748851200000E-008   2.2176099993600001E-007
 %xp=          277   2.0159900006399999E-007   1.3165396070400000E-012   2.0159900006399999E-007
 %xp=          278   2.2176351590400000E-007   2.0148900710400000E-008   2.0160499967999999E-007
 %xp=          279   2.2176699955200002E-007   1.0000453478400000E-011   2.2177151539199999E-007
 %xp=          280   2.0160251596800000E-007   2.0149800652799998E-008   2.2176499967999998E-007
 %xp=          281   2.4192951552000002E-007   1.0000311552000000E-011   2.0160999936000000E-007
 %xp=          282   2.6209699891200002E-007   2.0146700851199997E-008   2.0161351526400001E-007
 %xp=          283   2.6210151475199996E-007   1.4688650188800000E-011   2.2178151475199998E-007
 %xp=          284   2.4193399910400003E-007   2.0146800844800000E-008   2.2177699891200001E-007
 %xp=          285   2.8226251468800002E-007   1.3646868480000000E-011   2.0161451519999997E-007
 %xp=          286   3.0241651507200001E-007   2.0151948902400001E-008   2.0161351526400001E-007
 %xp=          287   3.0241499903999996E-007   6.0956679167999999E-012   2.2177799884800000E-007
 %xp=          288   2.8226051481599999E-007   2.0151400550400002E-008   2.2177951488000000E-007
 %xp=          289   6.7754889216000001E-012   4.0302162432000003E-008   2.0161351526400001E-007
 %xp=          290   2.0145100953600000E-008   6.0456259584000003E-008   2.0161451519999997E-007
 %xp=          291   2.0152700467200000E-008   4.0303484928000002E-008   2.2177799884800000E-007
 %xp=          292   7.3672768511999994E-012   6.0458162688000000E-008   2.2177951488000000E-007
 %xp=          293   4.0296162816000000E-008   4.0295840255999999E-008   2.0161499903999998E-007
 %xp=          294   6.0429809663999994E-008   6.0428938751999998E-008   2.0162299852800000E-007
 %xp=          295   6.0452356607999997E-008   4.0292937215999998E-008   2.2178299852799999E-007
 %xp=          296   4.0292485632000002E-008   6.0451195392000001E-008   2.2178299852799999E-007
 %xp=          297   8.0606711808000000E-008   4.0275938304000002E-008   2.0162099865600001E-007
 %xp=          298   1.0074748723200000E-007   6.0393650688000002E-008   2.0164051353599999E-007
 %xp=          299   1.0077448550399999E-007   4.0276905983999998E-008   2.2178899814399999E-007
 %xp=          300   8.0593938431999999E-008   6.0424100352000004E-008   2.2179751372799998E-007
 %xp=          301   1.2094948454399999E-007   4.0291550208000001E-008   2.0160999936000000E-007
 %xp=          302   1.4110948454400001E-007   6.0444453887999997E-008   2.0160851558400000E-007
 %xp=          303   1.4111348428800000E-007   4.0291743744000000E-008   2.2177099929600001E-007
 %xp=          304   1.2092700211200001E-007   6.0398650368000000E-008   2.2181251276800001E-007
 %xp=          305   1.6128051609600001E-007   4.0309645824000001E-008   2.0159700019200000E-007
 %xp=          306   1.8144499967999997E-007   6.0458711040000002E-008   2.0160051609600001E-007
 %xp=          307   1.8144151603199999E-007   4.0296066048000001E-008   2.2176599961600000E-007
 %xp=          308   1.6127600025599998E-007   6.0429100032000002E-008   2.2178399846400001E-007
 %xp=          309   2.0160399974400000E-007   4.0300194816000002E-008   2.0160351590400001E-007
 %xp=          310   2.2179099801600003E-007   6.0413391360000003E-008   2.0163199795200000E-007
 %xp=          311   2.2177451519999999E-007   4.0281615360000003E-008   2.2178199859200000E-007
 %xp=          312   2.0161499903999998E-007   6.0415810559999993E-008   2.2179899750399998E-007
 %xp=          313   2.4194199859200001E-007   4.0279615488000000E-008   2.0161751500799997E-007
 %xp=          314   2.6213651251200001E-007   6.0410198016000002E-008   2.0162751436800000E-007
 %xp=          315   2.6210899814399997E-007   4.0284357120000001E-008   2.2178499839999997E-007
 %xp=          316   2.4196551321599998E-007   6.0407553024000004E-008   2.2180399718400002E-007
 %xp=          317   2.8227051417599996E-007   4.0287356928000003E-008   2.0161599897600000E-007
 %xp=          318   3.0243151411199997E-007   6.0448260096000004E-008   2.0161599897600000E-007
 %xp=          319   3.0241799884800002E-007   4.0300839935999997E-008   2.2177899878399999E-007
 %xp=          320   2.8227799756799996E-007   6.0440486400000000E-008   2.2178699827200001E-007
 %xp=          321   1.2066166425600000E-011   8.0621356032000004E-008   2.0161351526400001E-007
 %xp=          322   2.0148749107200000E-008   1.0078900070400000E-007   2.0160999936000000E-007
 %xp=          323   2.0144101017599999E-008   8.0617259519999998E-008   2.2178151475199998E-007
 %xp=          324   1.1923175577600001E-011   1.0078448486400000E-007   2.2177699891200001E-007
 %xp=          325   4.0272099840000000E-008   8.0602905599999994E-008   2.0162151475199999E-007
 %xp=          326   6.0384264192000000E-008   1.0073748787199999E-007   2.0164299724799999E-007
 %xp=          327   6.0423390719999998E-008   8.0590745087999998E-008   2.2179851366400000E-007
 %xp=          328   4.0271390208000000E-008   1.0077048575999999E-007   2.2179099801600003E-007
 %xp=          329   8.0548457471999995E-008   8.0546006015999996E-008   2.0164651315200002E-007
 %xp=          330   1.0064500992000000E-007   1.0063701043200000E-007   2.0170999296000001E-007
 %xp=          331   1.0072900454400000E-007   8.0542296576000002E-008   2.2183351142399997E-007
 %xp=          332   8.0541812735999991E-008   1.0072100505600001E-007   2.2183651123200002E-007
 %xp=          333   1.2088348876799999E-007   8.0490557951999993E-008   2.0168799436799998E-007
 %xp=          334   1.4102548992000000E-007   1.0055501567999999E-007   2.0178698803199999E-007
 %xp=          335   1.4108448614400001E-007   8.0507653631999996E-008   2.2186050969599998E-007
 %xp=          336   1.2086200627200000E-007   1.0064600985599999E-007   2.2190399078399997E-007
 %xp=          337   1.6127648409600002E-007   8.0586713087999997E-008   2.0162799820800001E-007
 %xp=          338   1.8145999872000001E-007   1.0068249139200000E-007   2.0172050841599998E-007
 %xp=          339   1.8144499967999997E-007   8.0543393279999994E-008   2.2183051161600000E-007
 %xp=          340   1.6124548607999999E-007   1.0065300940800000E-007   2.2188550809600001E-007
 %xp=          341   2.0163451391999999E-007   8.0547102720000001E-008   2.0166199603199999E-007
 %xp=          342   2.2192650547199998E-007   1.0057149849600000E-007   2.0175150643200001E-007
 %xp=          343   2.2182651187200000E-007   8.0512588800000002E-008   2.2185251020800002E-007
 %xp=          344   2.0167851110399999E-007   1.0059001344000000E-007   2.2194850406400001E-007
 %xp=          345   2.4202050969599997E-007   8.0511814656000005E-008   2.0166151219200000E-007
 %xp=          346   2.6220699187199999E-007   1.0069849036800000E-007   2.0166151219200000E-007
 %xp=          347   2.6214899558400000E-007   8.0569649664000003E-008   2.2180999680000000E-007
 %xp=          348   2.4203350886399999E-007   1.0068500736000000E-007   2.2186499327999999E-007
 %xp=          349   2.8230851174400001E-007   8.0581939199999994E-008   2.0162751436800000E-007
 %xp=          350   3.0243899750399997E-007   1.0077700147200000E-007   2.0161751500799997E-007
 %xp=          351   3.0243451391999997E-007   8.0609711616000002E-008   2.2178499839999997E-007
 %xp=          352   2.8231099545599998E-007   1.0075348684800000E-007   2.2180399718400002E-007
 %xp=          353   9.8677297152000014E-012   1.2095500032000001E-007   2.0160499967999999E-007
 %xp=          354   2.0157448550400001E-008   1.4111948390400000E-007   2.0159900006399999E-007
 %xp=          355   2.0148749107200000E-008   1.2095148441600000E-007   2.2177151539199999E-007
 %xp=          356   8.9447565312000002E-012   1.4111648409600000E-007   2.2176499967999998E-007
 %xp=          357   4.0294001664000000E-008   1.2095000064000000E-007   2.0160999936000000E-007
 %xp=          358   6.0452711424000000E-008   1.4111100057599998E-007   2.0160951552000002E-007
 %xp=          359   6.0386264063999997E-008   1.2091848652800001E-007   2.2182151219199999E-007
 %xp=          360   4.0291550208000001E-008   1.4111348428800000E-007   2.2177199923199997E-007
 %xp=          361   8.0466204671999994E-008   1.2085900646400000E-007   2.0170099353599998E-007
 %xp=          362   1.0049650329599999E-007   1.4097200947200001E-007   2.0183798476800001E-007
 %xp=          363   1.0064549375999999E-007   1.2084349132800001E-007   2.2191399014400000E-007
 %xp=          364   8.0476784640000000E-008   1.4107348684799999E-007   2.2188950784000003E-007
 %xp=          365   1.2072449894400000E-007   1.2069750067200002E-007   2.0184650035200001E-007
 %xp=          366   1.4089801420800000E-007   1.4071151001599999E-007   2.0199600691200000E-007
 %xp=          367   1.4102100633600000E-007   1.2075249715200001E-007   2.2198750156800000E-007
 %xp=          368   1.2076149657600001E-007   1.4096201011200002E-007   2.2200950016000000E-007
 %xp=          369   1.6116449126400001E-007   1.2075849676800001E-007   2.0175950591999997E-007
 %xp=          370   1.8149251276800001E-007   1.4024050790399999E-007   2.0236549939199998E-007
 %xp=          371   1.8145999872000001E-007   1.2061050623999998E-007   2.2212400896000000E-007
 %xp=          372   1.6116749107200001E-007   1.4097700915199999E-007   2.2196098713600000E-007
 %xp=          373   2.0184398438399999E-007   1.2056999270400000E-007   2.0194800998399998E-007
 %xp=          374   2.2214849126399999E-007   1.4087501567999998E-007   2.0194800998399998E-007
 %xp=          375   2.2193098905599999E-007   1.2078801100799998E-007   2.2197098649599999E-007
 %xp=          376   2.0181798604800000E-007   1.4090101401600000E-007   2.2207601203200000E-007
 %xp=          377   2.4214750156799999E-007   1.2079249459199999E-007   2.0175150643200001E-007
 %xp=          378   2.6217199411199999E-007   1.4108400230399999E-007   2.0166199603199999E-007
 %xp=          379   2.6220650803200001E-007   1.2089200435199998E-007   2.2185251020800002E-007
 %xp=          380   2.4212850278400001E-007   1.4104000511999999E-007   2.2194850406400001E-007
 %xp=          381   2.8230551193600001E-007   1.2092800204800000E-007   2.0163199795200000E-007
 %xp=          382   3.0241851494400000E-007   1.4111500032000000E-007   2.0160351590400001E-007
 %xp=          383   3.0243699763199999E-007   1.2094400102399999E-007   2.2178199859200000E-007
 %xp=          384   2.8230299596799999E-007   1.4110400102400001E-007   2.2179899750399998E-007
 %xp=          385   3.9595401215999997E-012   1.6127900006400001E-007   2.0159548416000001E-007
 %xp=          386   2.0157448550400001E-008   1.8143848396800002E-007   2.0159600025599999E-007
 %xp=          387   2.0153048831999999E-008   1.6127900006400001E-007   2.2176099993600001E-007
 %xp=          388   5.9761078271999996E-012   1.8143999999999999E-007   2.2176099993600001E-007
 %xp=          389   4.0314193919999997E-008   1.6127900006400001E-007   2.0159648409600000E-007
 %xp=          390   6.0462194688000001E-008   1.8144251596800001E-007   2.0160299980800001E-007
 %xp=          391   6.0432099840000003E-008   1.6127700019200000E-007   2.2178051481600002E-007
 %xp=          392   4.0294485503999998E-008   1.8144299980799999E-007   2.2176799948800001E-007
 %xp=          393   8.0624839680000003E-008   1.6127348428799999E-007   2.0161099929600002E-007
 %xp=          394   1.0053598464000001E-007   1.8155450879999999E-007   2.0180398694399998E-007
 %xp=          395   1.0049850316800000E-007   1.6127400038400000E-007   2.2205849702399998E-007
 %xp=          396   8.0490041856000000E-008   1.8147351398400001E-007   2.2187450880000000E-007
 %xp=          397   1.2023701401599999E-007   1.6125900134400002E-007   2.0225150668800001E-007
 %xp=          398   1.4108648601600002E-007   1.8171801446400000E-007   2.0180750284799999E-007
 %xp=          399   1.4092501248000001E-007   1.6125900134400002E-007   2.2175948390399999E-007
 %xp=          400   1.2082449254400001E-007   1.8155150899199999E-007   2.2194650419200000E-007
 %xp=          401   1.6100098560000000E-007   1.6122600345600000E-007   2.0190449663999997E-007
 %xp=          402   1.8149251276800001E-007   1.8171801446400000E-007   2.0190449663999997E-007
 %xp=          403   1.8152051097599998E-007   1.6119800524800000E-007   2.2151501567999999E-007
 %xp=          404   1.6124348620800000E-007   1.8147551385599999E-007   2.2184599449600001E-007
 %xp=          405   2.0247849216000000E-007   1.6122600345600000E-007   2.0236549939199998E-007
 %xp=          406   2.2195998719999998E-007   1.8155450879999999E-007   2.0175950591999997E-007
 %xp=          407   2.2210849382399999E-007   1.6125900134400002E-007   2.2212400896000000E-007
 %xp=          408   2.0174199091200000E-007   1.8155150899199999E-007   2.2196098713600000E-007
 %xp=          409   2.4203650867200000E-007   1.6125900134400002E-007   2.0172050841599998E-007
 %xp=          410   2.6213251276799999E-007   1.8144251596800001E-007   2.0162799820800001E-007
 %xp=          411   2.6217551001600003E-007   1.6127400038400000E-007   2.2183051161600000E-007
 %xp=          412   2.4206550681599999E-007   1.8147351398400001E-007   2.2188550809600001E-007
 %xp=          413   2.8225999872000001E-007   1.6127348428799999E-007   2.0160051609600001E-007
 %xp=          414   3.0240899942400001E-007   1.8143848396800002E-007   2.0159700019200000E-007
 %xp=          415   3.0242299852800000E-007   1.6127700019200000E-007   2.2176599961600000E-007
 %xp=          416   2.8228951295999998E-007   1.8144299980799999E-007   2.2178399846400001E-007
 %xp=          417   3.9599981567999996E-012   2.0159900006399999E-007   2.0159948390399997E-007
 %xp=          418   2.0148749107200000E-008   2.2176451583999999E-007   2.0160551577600000E-007
 %xp=          419   2.0148749107200000E-008   2.0160351590400001E-007   2.2176599961600000E-007
 %xp=          420   8.9456758271999994E-012   2.2176751564799997E-007   2.2177151539199999E-007
 %xp=          421   4.0299936767999998E-008   2.0160399974400000E-007   2.0160451583999998E-007
 %xp=          422   6.0396134399999997E-008   2.2180851302400000E-007   2.0163551385600001E-007
 %xp=          423   6.0396392448000000E-008   2.0163099801600001E-007   2.2181051289599998E-007
 %xp=          424   4.0274390016000001E-008   2.2178151475199998E-007   2.2178551449600000E-007
 %xp=          425   8.0497234944000006E-008   2.0167851110399999E-007   2.0167751116800000E-007
 %xp=          426   1.0062349516799999E-007   2.2189699123199998E-007   2.0173650739199998E-007
 %xp=          427   1.0064049408000000E-007   2.0168251084800001E-007   2.2192198963200001E-007
 %xp=          428   8.0532910080000000E-008   2.2182351206400003E-007   2.2184499455999999E-007
 %xp=          429   1.2070801612800000E-007   2.0178798796799998E-007   2.0188201420800001E-007
 %xp=          430   1.4093049600000000E-007   2.2201050009600002E-007   2.0188201420800001E-007
 %xp=          431   1.4098549247999999E-007   2.0173299148800000E-007   2.2200398438400001E-007
 %xp=          432   1.2082300876800001E-007   2.2189599129600002E-007   2.2194298828800002E-007
 %xp=          433   1.6100098560000000E-007   2.0163251404800001E-007   2.0180750284799999E-007
 %xp=          434   1.8145999872000001E-007   2.2248150220800002E-007   2.0225150668800001E-007
 %xp=          435   1.8145999872000001E-007   2.0179398758399999E-007   2.2175948390399999E-007
 %xp=          436   1.6116749107200001E-007   2.2189399142399998E-007   2.2194650419200000E-007
 %xp=          437   2.0200749004799998E-007   2.0182098585600000E-007   2.0199600691200000E-007
 %xp=          438   2.2202149939200000E-007   2.2199398502399998E-007   2.0184650035200001E-007
 %xp=          439   2.2196650291199999E-007   2.0169750988799999E-007   2.2198750156800000E-007
 %xp=          440   2.0175650611200000E-007   2.2195698739199998E-007   2.2200950016000000E-007
 %xp=          441   2.4216398438400000E-007   2.0169299404800002E-007   2.0178698803199999E-007
 %xp=          442   2.6222850662400003E-007   2.2183551129600001E-007   2.0168799436799998E-007
 %xp=          443   2.6221150771199999E-007   2.0163399782400001E-007   2.2186050969599998E-007
 %xp=          444   2.4207250636800001E-007   2.2185699379200000E-007   2.2190399078399997E-007
 %xp=          445   2.8227399782400000E-007   2.0160951552000002E-007   2.0160851558400000E-007
 %xp=          446   3.0242699827200002E-007   2.2176899942400000E-007   2.0160999936000000E-007
 %xp=          447   3.0242699827200002E-007   2.0160551577600000E-007   2.2177099929600001E-007
 %xp=          448   2.8231999488000003E-007   2.2179099801600003E-007   2.2181251276800001E-007
 %xp=          449   9.8684651519999998E-012   2.4193099929600002E-007   2.0161051545600001E-007
 %xp=          450   2.0145100953600000E-008   2.6209999872000002E-007   2.0161351526400001E-007
 %xp=          451   2.0144101017599999E-008   2.4193699891200003E-007   2.2177851494399998E-007
 %xp=          452   1.1924127129599999E-011   2.6210051481600000E-007   2.2178099865600000E-007
 %xp=          453   4.0274293248000002E-008   2.4194899814399998E-007   2.0161851494399999E-007
 %xp=          454   6.0418391040000000E-008   2.6213099673600000E-007   2.0162799820800001E-007
 %xp=          455   6.0415939584000001E-008   2.4196351334400000E-007   2.2180251340799999E-007
 %xp=          456   4.0287937536000000E-008   2.6210751436799997E-007   2.2178451455999999E-007
 %xp=          457   8.0531910143999996E-008   2.4200699443200002E-007   2.0165951232000002E-007
 %xp=          458   1.0071148953600000E-007   2.6218699315200000E-007   2.0165951232000002E-007
 %xp=          459   1.0070149017600000E-007   2.4201750988799997E-007   2.2185699379200000E-007
 %xp=          460   8.0577552384000002E-008   2.6214099609600002E-007   2.2180799692799999E-007
 %xp=          461   1.2082200883200002E-007   2.4209498880000002E-007   2.0173650739199998E-007
 %xp=          462   1.4104048896000001E-007   2.6222150707200001E-007   2.0167751116800000E-007
 %xp=          463   1.4103600537600000E-007   2.4207798988799998E-007   2.2192198963200001E-007
 %xp=          464   1.2089500415999998E-007   2.6218599321599998E-007   2.2184499455999999E-007
 %xp=          465   1.6116449126400001E-007   2.4218301542400002E-007   2.0180398694399998E-007
 %xp=          466   1.8144499967999997E-007   2.6209351526400003E-007   2.0161099929600002E-007
 %xp=          467   1.8144499967999997E-007   2.4222001305600000E-007   2.2205849702399998E-007
 %xp=          468   1.6124548607999999E-007   2.6222850662400003E-007   2.2187450880000000E-007
 %xp=          469   2.0174650675199997E-007   2.4222249676800002E-007   2.0183798476800001E-007
 %xp=          470   2.2185999360000000E-007   2.6225298892800003E-007   2.0170099353599998E-007
 %xp=          471   2.2187499263999998E-007   2.4207299020799999E-007   2.2191399014400000E-007
 %xp=          472   2.0164551321600000E-007   2.6224198963199999E-007   2.2188950784000003E-007
 %xp=          473   2.4208198963200000E-007   2.4207350630399997E-007   2.0170999296000001E-007
 %xp=          474   2.6217251020800003E-007   2.6216999424000001E-007   2.0164651315200002E-007
 %xp=          475   2.6217650995199999E-007   2.4198999552000003E-007   2.2183351142399997E-007
 %xp=          476   2.4199799500799996E-007   2.6217699379200003E-007   2.2183651123200002E-007
 %xp=          477   2.8232551065600000E-007   2.4197099673600001E-007   2.0164051353599999E-007
 %xp=          478   3.0244299724799999E-007   2.6211199795199997E-007   2.0162099865600001E-007
 %xp=          479   3.0244199731199997E-007   2.4194451455999998E-007   2.2178899814399999E-007
 %xp=          480   2.8229451263999997E-007   2.6212451328000001E-007   2.2179751372799998E-007
 %xp=          481   1.2067037337600000E-011   2.8226199859199999E-007   2.0161551513599999E-007
 %xp=          482   2.0153648793599998E-008   3.0241499903999996E-007   2.0161351526400001E-007
 %xp=          483   2.0152700467200000E-008   2.8225851494400001E-007   2.2177951488000000E-007
 %xp=          484   7.3677542400000007E-012   3.0241351526400001E-007   2.2177799884800000E-007
 %xp=          485   4.0290840575999995E-008   2.8226799820799999E-007   2.0161699891199999E-007
 %xp=          486   6.0450808320000003E-008   3.0242799820800004E-007   2.0161699891199999E-007
 %xp=          487   6.0444453887999997E-008   2.8227451391999998E-007   2.2178699827200001E-007
 %xp=          488   4.0303162368000001E-008   3.0241551513599999E-007   2.2177899878399999E-007
 %xp=          489   8.0587390463999994E-008   2.8230051225599997E-007   2.0162799820800001E-007
 %xp=          490   1.0077000191999999E-007   3.0244451327999999E-007   2.0161851494399999E-007
 %xp=          491   1.0075548672000000E-007   2.8230299596799999E-007   2.2180251340799999E-007
 %xp=          492   8.0611195392000005E-008   3.0243099801600004E-007   2.2178451455999999E-007
 %xp=          493   1.2091000319999999E-007   2.8232251084800000E-007   2.0163551385600001E-007
 %xp=          494   1.4111500032000000E-007   3.0241899878399998E-007   2.0160451583999998E-007
 %xp=          495   1.4108800204799999E-007   2.8232251084800000E-007   2.2181051289599998E-007
 %xp=          496   1.2093648537599999E-007   3.0244451327999999E-007   2.2178551449600000E-007
 %xp=          497   1.6127648409600002E-007   2.8225651507200002E-007   2.0160299980800001E-007
 %xp=          498   1.8143948390399998E-007   3.0240451584000001E-007   2.0159648409600000E-007
 %xp=          499   1.8144151603199999E-007   2.8228699699200002E-007   2.2178051481600002E-007
 %xp=          500   1.6127600025599998E-007   3.0242451456000000E-007   2.2176799948800001E-007
 %xp=          501   2.0160799948800002E-007   2.8226599833600001E-007   2.0160951552000002E-007
 %xp=          502   2.2176851558399999E-007   3.0242499839999998E-007   2.0160999936000000E-007
 %xp=          503   2.2179999744000000E-007   2.8233251020800002E-007   2.2182151219199999E-007
 %xp=          504   2.0160551577600000E-007   3.0242751436800000E-007   2.2177199923199997E-007
 %xp=          505   2.4198151219200001E-007   2.8233451008000000E-007   2.0164299724799999E-007
 %xp=          506   2.6211551385600000E-007   3.0244651315200002E-007   2.0162151475199999E-007
 %xp=          507   2.6212799692799999E-007   2.8229551257599999E-007   2.2179851366400000E-007
 %xp=          508   2.4194799820800001E-007   3.0244751308799999E-007   2.2179099801600003E-007
 %xp=          509   2.8228951295999998E-007   2.8228899686400000E-007   2.0162299852800000E-007
 %xp=          510   3.0242299852800000E-007   3.0242299852800000E-007   2.0161499903999998E-007
 %xp=          511   3.0242599833600000E-007   2.8226651443199999E-007   2.2178299852799999E-007
 %xp=          512   2.8226751436800001E-007   3.0242651443200003E-007   2.2178299852799999E-007
 %xp=          513   4.9187884032000001E-012   3.1147183872000002E-012   2.4193799884799999E-007
 %xp=          514   2.0155648665600001E-008   2.0153848780799998E-008   2.4193799884799999E-007
 %xp=          515   2.0156848588799999E-008   1.9426559846399998E-012   2.6209599897600000E-007
 %xp=          516   3.8107367424000000E-012   2.0154948710399999E-008   2.6209599897600000E-007
 %xp=          517   4.0308162047999999E-008   3.1142826086399999E-012   2.4193899878400001E-007
 %xp=          518   6.0462162431999993E-008   2.0151200563199999E-008   2.4194151475199997E-007
 %xp=          519   6.0465388032000002E-008   3.1629888460799997E-012   2.6209899878400000E-007
 %xp=          520   4.0309903871999998E-008   2.0153948774400001E-008   2.6209751500800000E-007
 %xp=          521   8.0620452863999998E-008   6.6317884416000001E-012   2.4194299852799998E-007
 %xp=          522   1.0078200115200000E-007   2.0147800780799999E-008   2.4194399846399999E-007
 %xp=          523   1.0078400102400000E-007   6.6319819776000000E-012   2.6210351462400000E-007
 %xp=          524   8.0623097855999997E-008   2.0151548928000002E-008   2.6210199859200000E-007
 %xp=          525   1.2094600089599998E-007   1.4688427622399999E-011   2.4194099865599999E-007
 %xp=          526   1.4111348428800000E-007   2.0150400614400001E-008   2.4193299916800001E-007
 %xp=          527   1.4111148441600002E-007   1.3646794291200001E-011   2.6210151475199996E-007
 %xp=          528   1.2094748467200001E-007   2.0149600665599999E-008   2.6210351462400000E-007
 %xp=          529   1.6127700019200000E-007   1.0968901171199999E-011   2.4192999936000001E-007
 %xp=          530   1.8144051609600002E-007   2.0150400614400001E-008   2.4192851558400000E-007
 %xp=          531   1.8143999999999999E-007   1.1579594342399999E-011   2.6209651507200003E-007
 %xp=          532   1.6127648409600002E-007   2.0150800588800000E-008   2.6209551513600001E-007
 %xp=          533   2.0160399974400000E-007   1.0969326950400000E-011   2.4193351526399999E-007
 %xp=          534   2.2176999935999999E-007   2.0147800780799999E-008   2.4193899878400001E-007
 %xp=          535   2.2177051545600002E-007   1.3647181363200000E-011   2.6210551449599998E-007
 %xp=          536   2.0160451583999998E-007   2.0149600665599999E-008   2.6209851494400002E-007
 %xp=          537   2.4193699891200003E-007   1.4688737279999999E-011   2.4194499839999996E-007
 %xp=          538   2.6209951487999998E-007   2.0151200563199999E-008   2.4194351462400001E-007
 %xp=          539   2.6209699891200002E-007   6.6321432575999993E-012   2.6210251468799998E-007
 %xp=          540   2.4193551513599997E-007   2.0151548928000002E-008   2.6210399846399998E-007
 %xp=          541   2.8225851494400001E-007   6.6319626240000003E-012   2.4194151475199997E-007
 %xp=          542   3.0241251532799999E-007   2.0153848780799998E-008   2.4193951487999999E-007
 %xp=          543   3.0241051545600001E-007   3.1634962329599997E-012   2.6209751500800000E-007
 %xp=          544   2.8225551513600000E-007   2.0153948774400001E-008   2.6209999872000002E-007
 %xp=          545   4.9187206656000002E-012   4.0306194432000004E-008   2.4193951487999999E-007
 %xp=          546   2.0152148889600001E-008   6.0460485120000004E-008   2.4194151475199997E-007
 %xp=          547   2.0155600281599998E-008   4.0308162047999999E-008   2.6209751500800000E-007
 %xp=          548   4.7929351680000002E-012   6.0463646208000009E-008   2.6209999872000002E-007
 %xp=          549   4.0304646144000004E-008   4.0303194624000003E-008   2.4194151475199997E-007
 %xp=          550   6.0449356799999995E-008   6.0448389119999999E-008   2.4195051417599998E-007
 %xp=          551   6.0462355968000005E-008   4.0303259136000001E-008   2.6210251468799998E-007
 %xp=          552   4.0304388096000000E-008   6.0460743168000007E-008   2.6210251468799998E-007
 %xp=          553   8.0614904831999998E-008   4.0292550143999999E-008   2.4194851430399999E-007
 %xp=          554   1.0076600217600001E-007   6.0425455103999999E-008   2.4196699699199999E-007
 %xp=          555   1.0078100121600000E-007   4.0294485503999998E-008   2.6210999807999999E-007
 %xp=          556   8.0613550080000004E-008   6.0449001984000006E-008   2.6211351398400002E-007
 %xp=          557   1.2094348492800001E-007   4.0280292863999998E-008   2.4195251404800001E-007
 %xp=          558   1.4110448486400000E-007   6.0408907775999999E-008   2.4197499647999997E-007
 %xp=          559   1.4111148441600002E-007   4.0286711808000001E-008   2.6211151411199999E-007
 %xp=          560   1.2094000128000000E-007   6.0433261055999998E-008   2.6212651315199999E-007
 %xp=          561   1.6127700019200000E-007   4.0288389119999996E-008   2.4193851494399997E-007
 %xp=          562   1.8144151603199999E-007   6.0418713599999995E-008   2.4196351334400000E-007
 %xp=          563   1.8143999999999999E-007   4.0288743935999999E-008   2.6210651443200000E-007
 %xp=          564   1.6127400038400000E-007   6.0428745215999999E-008   2.6212599705600001E-007
 %xp=          565   2.0160651571200001E-007   4.0284002303999998E-008   2.4194499839999996E-007
 %xp=          566   2.2178799820800002E-007   6.0410649600000005E-008   2.4197399654400001E-007
 %xp=          567   2.2177351526400000E-007   4.0287485951999998E-008   2.6211199795199997E-007
 %xp=          568   2.0161099929600002E-007   6.0421455360000006E-008   2.6213351270400001E-007
 %xp=          569   2.4194251468799999E-007   4.0284486143999996E-008   2.4195051417599998E-007
 %xp=          570   2.6211551385600000E-007   6.0437809152000006E-008   2.4195651379200003E-007
 %xp=          571   2.6209999872000002E-007   4.0299807744000003E-008   2.6210599833599997E-007
 %xp=          572   2.4194599833599998E-007   6.0439712255999990E-008   2.6211999744000001E-007
 %xp=          573   2.8226199859199999E-007   4.0299710975999997E-008   2.4194399846399999E-007
 %xp=          574   3.0241899878399998E-007   6.0457001472000005E-008   2.4194399846399999E-007
 %xp=          575   3.0241199923199996E-007   4.0306904063999997E-008   2.6209899878400000E-007
 %xp=          576   2.8226251468800002E-007   6.0456259584000003E-008   2.6210599833599997E-007
 %xp=          577   7.5567131135999998E-012   8.0619001343999991E-008   2.4194351462400001E-007
 %xp=          578   2.0144101017599999E-008   1.0078148505600000E-007   2.4194499839999996E-007
 %xp=          579   2.0152148889600001E-008   8.0621710848000007E-008   2.6210251468799998E-007
 %xp=          580   7.2051775488000000E-012   1.0078300108800000E-007   2.6210399846399998E-007
 %xp=          581   4.0291453439999995E-008   8.0613292032000001E-008   2.4194951424000001E-007
 %xp=          582   6.0423487487999998E-008   1.0076248627199999E-007   2.4196951296000000E-007
 %xp=          583   6.0449389055999991E-008   8.0611905023999997E-008   2.6211451391999999E-007
 %xp=          584   4.0292711423999997E-008   1.0077948518400001E-007   2.6211099801600001E-007
 %xp=          585   8.0589648384000007E-008   8.0587293695999994E-008   2.4197251276800000E-007
 %xp=          586   1.0072800460800000E-007   1.0072248883200000E-007   2.4201451007999997E-007
 %xp=          587   1.0076548607999999E-007   8.0592357887999996E-008   2.6213551257600000E-007
 %xp=          588   8.0593164288000002E-008   1.0076248627199999E-007   2.6213651251200001E-007
 %xp=          589   1.2091848652800001E-007   8.0552586239999997E-008   2.4200299468800000E-007
 %xp=          590   1.4108200243200001E-007   1.0068600729600000E-007   2.4204650803199996E-007
 %xp=          591   1.4110300108799999E-007   8.0577004032000000E-008   2.6214951167999998E-007
 %xp=          592   1.2092348620800000E-007   1.0074100377600001E-007   2.6216099481600001E-007
 %xp=          593   1.6126700083200000E-007   8.0548263935999996E-008   2.4199951104000002E-007
 %xp=          594   1.8144499967999997E-007   1.0063201075200000E-007   2.4209950463999997E-007
 %xp=          595   1.8144151603199999E-007   8.0556295680000004E-008   2.6216999424000001E-007
 %xp=          596   1.6126500095999999E-007   1.0074000383999999E-007   2.6216699443200001E-007
 %xp=          597   2.0162799820800001E-007   8.0526910463999998E-008   2.4202099353600001E-007
 %xp=          598   2.2182899558400000E-007   1.0069400678399999E-007   2.4204150835199998E-007
 %xp=          599   2.2178951424000000E-007   8.0578197504000004E-008   2.6214799564799999E-007
 %xp=          600   2.0162599833600000E-007   1.0072500479999999E-007   2.6218050969600001E-007
 %xp=          601   2.4197299660799999E-007   8.0568649727999998E-008   2.4198699571200003E-007
 %xp=          602   2.6214999552000002E-007   1.0074600345600001E-007   2.4198699571200003E-007
 %xp=          603   2.6211599769599999E-007   8.0602647552000003E-008   2.6212299724800001E-007
 %xp=          604   2.4196951296000000E-007   1.0074948710399999E-007   2.6215199539200000E-007
 %xp=          605   2.8228099737600002E-007   8.0603486207999991E-008   2.4195651379200003E-007
 %xp=          606   3.0243451391999997E-007   1.0077600153600001E-007   2.4195051417599998E-007
 %xp=          607   3.0241899878399998E-007   8.0618646528000001E-008   2.6210599833599997E-007
 %xp=          608   2.8227899750399998E-007   1.0077300172799999E-007   2.6211999744000001E-007
 %xp=          609   1.0933916313600000E-011   1.2094900070400001E-007   2.4193899878400001E-007
 %xp=          610   2.0147800780799999E-008   1.4111500032000000E-007   2.4193351526399999E-007
 %xp=          611   2.0145100953600000E-008   1.2094800076799999E-007   2.6210551449599998E-007
 %xp=          612   9.1534625279999998E-012   1.4111400038400001E-007   2.6209851494400002E-007
 %xp=          613   4.0273261056000002E-008   1.2094100121600002E-007   2.4195699763200002E-007
 %xp=          614   6.0393586175999998E-008   1.4110200115200000E-007   2.4198951167999999E-007
 %xp=          615   6.0429938688000003E-008   1.2093800140799999E-007   2.6213099673600000E-007
 %xp=          616   4.0278938112000003E-008   1.4111148441600002E-007   2.6211751372799999E-007
 %xp=          617   8.0548909055999998E-008   1.2091148697599999E-007   2.4200999424000002E-007
 %xp=          618   1.0067849164800000E-007   1.4106548736000001E-007   2.4206650675200001E-007
 %xp=          619   1.0074348748800000E-007   1.2091648665600000E-007   2.6216499455999997E-007
 %xp=          620   8.0570939904000007E-008   1.4109848524800002E-007   2.6216251084800001E-007
 %xp=          621   1.2087900518399999E-007   1.2086300620800001E-007   2.4206299084800003E-007
 %xp=          622   1.4104548864000002E-007   1.4109448550400000E-007   2.4200599449600000E-007
 %xp=          623   1.4108648601600002E-007   1.2092848588800001E-007   2.6215051161600000E-007
 %xp=          624   1.2091500288000000E-007   1.4110348492800000E-007   2.6214599577600000E-007
 %xp=          625   1.6124200243200000E-007   1.2086400614400001E-007   2.4205950719999999E-007
 %xp=          626   1.8145499903999999E-007   1.4110100121600001E-007   2.4193599897600001E-007
 %xp=          627   1.8144499967999997E-007   1.2093500159999999E-007   2.6213199667200001E-007
 %xp=          628   1.6127548416000000E-007   1.4111100057599998E-007   2.6209651507200003E-007
 %xp=          629   2.0166899558400001E-007   1.2083000832000000E-007   2.4209898854399999E-007
 %xp=          630   2.2188899174399999E-007   1.4104948838399998E-007   2.4209898854399999E-007
 %xp=          631   2.2181351270400001E-007   1.2090548736000002E-007   2.6218199347200002E-007
 %xp=          632   2.0161551513599999E-007   1.4110348492800000E-007   2.6212199731199999E-007
 %xp=          633   2.4202499327999998E-007   1.2088948838399999E-007   2.4204150835199998E-007
 %xp=          634   2.6219199283199999E-007   1.4109048575999998E-007   2.4202099353600001E-007
 %xp=          635   2.6214051225599998E-007   1.2092900198400002E-007   2.6214799564799999E-007
 %xp=          636   2.4199351142399996E-007   1.4109300172800000E-007   2.6218050969600001E-007
 %xp=          637   2.8230851174400001E-007   1.2093048575999999E-007   2.4197399654400001E-007
 %xp=          638   3.0243451391999997E-007   1.4111200051200000E-007   2.4194499839999996E-007
 %xp=          639   3.0243151411199997E-007   1.2094500095999999E-007   2.6211199795199997E-007
 %xp=          640   2.8229751244799997E-007   1.4110748467200000E-007   2.6213351270400001E-007
 %xp=          641   8.3436433920000004E-012   1.6127848396800000E-007   2.4192851558400000E-007
 %xp=          642   2.0147800780799999E-008   1.8144199987199997E-007   2.4192999936000001E-007
 %xp=          643   2.0147200819200000E-008   1.6127848396800000E-007   2.6209651507200003E-007
 %xp=          644   7.9610614272000004E-012   1.8144251596800001E-007   2.6209551513600001E-007
 %xp=          645   4.0285647359999998E-008   1.6127848396800000E-007   2.4193951487999999E-007
 %xp=          646   6.0398005247999998E-008   1.8145199923199999E-007   2.4198299596800001E-007
 %xp=          647   6.0408488448000005E-008   1.6127848396800000E-007   2.6215099545599999E-007
 %xp=          648   4.0280163840000003E-008   1.8144499967999997E-007   2.6211451391999999E-007
 %xp=          649   8.0493396480000004E-008   1.6127748403200001E-007   2.4206399078399999E-007
 %xp=          650   1.0070000640000001E-007   1.8147699763200000E-007   2.4204499200000002E-007
 %xp=          651   1.0074948710399999E-007   1.6127748403200001E-007   2.6214799564799999E-007
 %xp=          652   8.0578262015999995E-008   1.8145399910400000E-007   2.6215499520000001E-007
 %xp=          653   1.2087700531200000E-007   1.6127400038400000E-007   2.4199799500799996E-007
 %xp=          654   1.4107948646399999E-007   1.8143200051199998E-007   2.4196651315200000E-007
 %xp=          655   1.4111748403199999E-007   1.6127348428799999E-007   2.6208999936000000E-007
 %xp=          656   1.2093000192000001E-007   1.8144351590400002E-007   2.6213251276799999E-007
 %xp=          657   1.6128699955199999E-007   1.6126400102400000E-007   2.4186548735999998E-007
 %xp=          658   1.8145499903999999E-007   1.8143200051199998E-007   2.4186548735999998E-007
 %xp=          659   1.8143748403200000E-007   1.6128151603200000E-007   2.6206100121600000E-007
 %xp=          660   1.6128299980800000E-007   1.8143600025600000E-007   2.6207100057600002E-007
 %xp=          661   2.0161799884800001E-007   1.6126400102400000E-007   2.4193599897600001E-007
 %xp=          662   2.2185499391999999E-007   1.8147699763200000E-007   2.4205950719999999E-007
 %xp=          663   2.2178351462400002E-007   1.6127348428799999E-007   2.6213199667200001E-007
 %xp=          664   2.0160799948800002E-007   1.8144351590400002E-007   2.6209651507200003E-007
 %xp=          665   2.4208650547200000E-007   1.6127400038400000E-007   2.4209950463999997E-007
 %xp=          666   2.6217051033599999E-007   1.8145199923199999E-007   2.4199951104000002E-007
 %xp=          667   2.6216251084800001E-007   1.6127748403200001E-007   2.6216999424000001E-007
 %xp=          668   2.4197851238400001E-007   1.8145399910400000E-007   2.6216699443200001E-007
 %xp=          669   2.8229999615999999E-007   1.6127748403200001E-007   2.4196351334400000E-007
 %xp=          670   3.0242999808000002E-007   1.8144199987199997E-007   2.4193851494399997E-007
 %xp=          671   3.0242999808000002E-007   1.6127848396800000E-007   2.6210651443200000E-007
 %xp=          672   2.8228999680000002E-007   1.8144499967999997E-007   2.6212599705600001E-007
 %xp=          673   8.3442659327999998E-012   2.0160499967999999E-007   2.4193299916800001E-007
 %xp=          674   2.0144101017599999E-008   2.2177251532800001E-007   2.4194099865599999E-007
 %xp=          675   2.0145100953600000E-008   2.0160751564799998E-007   2.6210151475199996E-007
 %xp=          676   9.1544785919999994E-012   2.2177151539199999E-007   2.6210351462400000E-007
 %xp=          677   4.0275841536000002E-008   2.0161299916800000E-007   2.4195099801600002E-007
 %xp=          678   6.0419358719999996E-008   2.2178899814399999E-007   2.4197151283199999E-007
 %xp=          679   6.0429164543999992E-008   2.0161451519999997E-007   2.6213051289599996E-007
 %xp=          680   4.0290743808000002E-008   2.2177499903999997E-007   2.6211051417599997E-007
 %xp=          681   8.0547134975999996E-008   2.0163299788799999E-007   2.4201099417599999E-007
 %xp=          682   1.0071200563199999E-007   2.2182399590400001E-007   2.4203050905599999E-007
 %xp=          683   1.0074248755200000E-007   2.0162851430399999E-007   2.6216651059200003E-007
 %xp=          684   8.0586713087999997E-008   2.2178951424000000E-007   2.6214299596800000E-007
 %xp=          685   1.2087100569600000E-007   2.0166299596800000E-007   2.4206799052800001E-007
 %xp=          686   1.4105548800000001E-007   2.2184799436800000E-007   2.4206799052800001E-007
 %xp=          687   1.4111000063999999E-007   2.0160899942399998E-007   2.6211899750399999E-007
 %xp=          688   1.2091500288000000E-007   2.2180351334400001E-007   2.6216999424000001E-007
 %xp=          689   1.6128699955199999E-007   2.0163899750399999E-007   2.4196651315200000E-007
 %xp=          690   1.8144499967999997E-007   2.2184151091200001E-007   2.4199799500799996E-007
 %xp=          691   1.8144499967999997E-007   2.0160099993600000E-007   2.6208999936000000E-007
 %xp=          692   1.6127548416000000E-007   2.2178851430400000E-007   2.6213251276799999E-007
 %xp=          693   2.0162399846400002E-007   2.0167299532800000E-007   2.4200599449600000E-007
 %xp=          694   2.2185551001600000E-007   2.2183999488000001E-007   2.4206299084800003E-007
 %xp=          695   2.2179051417599999E-007   2.0163251404800001E-007   2.6215051161600000E-007
 %xp=          696   2.0161551513599999E-007   2.2180351334400001E-007   2.6214599577600000E-007
 %xp=          697   2.4203299276800001E-007   2.0163651379200000E-007   2.4204650803199996E-007
 %xp=          698   2.6216599449599999E-007   2.2180051353599998E-007   2.4200299468800000E-007
 %xp=          699   2.6214151219200000E-007   2.0161551513599999E-007   2.6214951167999998E-007
 %xp=          700   2.4197799628799997E-007   2.2179499775999999E-007   2.6216099481600001E-007
 %xp=          701   2.8230999552000001E-007   2.0161399910400002E-007   2.4197499647999997E-007
 %xp=          702   3.0243851366399999E-007   2.2177551513600001E-007   2.4195251404800001E-007
 %xp=          703   3.0243199795200000E-007   2.0160751564799998E-007   2.6211151411199999E-007
 %xp=          704   2.8228551321600002E-007   2.2177899878399999E-007   2.6212651315199999E-007
 %xp=          705   1.0934913024000000E-011   2.4193651507199999E-007   2.4194399846399999E-007
 %xp=          706   2.0152148889600001E-008   2.6209851494400002E-007   2.4194299852799998E-007
 %xp=          707   2.0152148889600001E-008   2.4193499903999999E-007   2.6210351462400000E-007
 %xp=          708   7.2061484543999997E-012   2.6209599897600000E-007   2.6210199859200000E-007
 %xp=          709   4.0288034304000000E-008   2.4194251468799999E-007   2.4194999808000000E-007
 %xp=          710   6.0442163712000002E-008   2.6211251404800000E-007   2.4195499775999998E-007
 %xp=          711   6.0444163583999999E-008   2.4194451455999998E-007   2.6211851366400001E-007
 %xp=          712   4.0302001151999999E-008   2.6209851494400002E-007   2.6210451455999997E-007
 %xp=          713   8.0577294335999999E-008   2.4196899686399997E-007   2.4198299596800001E-007
 %xp=          714   1.0075000320000000E-007   2.6214151219200000E-007   2.4198299596800001E-007
 %xp=          715   1.0075500288000000E-007   2.4196399718399999E-007   2.6214799564799999E-007
 %xp=          716   8.0606292479999993E-008   2.6211251404800000E-007   2.6212099737600003E-007
 %xp=          717   1.2089500415999998E-007   2.4200699443200002E-007   2.4203050905599999E-007
 %xp=          718   1.4108548608000000E-007   2.6217151027200001E-007   2.4201099417599999E-007
 %xp=          719   1.4109000192000000E-007   2.4197599641599999E-007   2.6216651059200003E-007
 %xp=          720   1.2092948582400000E-007   2.6213199667200001E-007   2.6214299596800000E-007
 %xp=          721   1.6124200243200000E-007   2.4201850982399999E-007   2.4204499200000002E-007
 %xp=          722   1.8144151603199999E-007   2.6222550681600003E-007   2.4206399078399999E-007
 %xp=          723   1.8144151603199999E-007   2.4196951296000000E-007   2.6214799564799999E-007
 %xp=          724   1.6126500095999999E-007   2.6214051225599998E-007   2.6215499520000001E-007
 %xp=          725   2.0165299660800001E-007   2.4203999232000003E-007   2.4206650675200001E-007
 %xp=          726   2.2180699699200000E-007   2.6216999424000001E-007   2.4200999424000002E-007
 %xp=          727   2.2180199731199999E-007   2.4197499647999997E-007   2.6216499455999997E-007
 %xp=          728   2.0161999872000000E-007   2.6214799564799999E-007   2.6216251084800001E-007
 %xp=          729   2.4199651123200001E-007   2.4199099545600000E-007   2.4201451007999997E-007
 %xp=          730   2.6213151283199998E-007   2.6212899686400001E-007   2.4197251276800000E-007
 %xp=          731   2.6212651315199999E-007   2.4195351398400003E-007   2.6213551257600000E-007
 %xp=          732   2.4195651379200003E-007   2.6212551321599997E-007   2.6213651251200001E-007
 %xp=          733   2.8229351270400000E-007   2.4195299788800000E-007   2.4196699699199999E-007
 %xp=          734   3.0242651443200003E-007   2.6210399846399998E-007   2.4194851430399999E-007
 %xp=          735   3.0242451456000000E-007   2.4193799884799999E-007   2.6210999807999999E-007
 %xp=          736   2.8226999807999998E-007   2.6210499840000000E-007   2.6211351398400002E-007
 %xp=          737   7.5575775744000008E-012   2.8225651507200002E-007   2.4194151475199997E-007
 %xp=          738   2.0155648665600001E-008   3.0241051545600001E-007   2.4193899878400001E-007
 %xp=          739   2.0155600281599998E-008   2.8225351526400002E-007   2.6209899878400000E-007
 %xp=          740   4.7934802943999998E-012   3.0240899942400001E-007   2.6209751500800000E-007
 %xp=          741   4.0302065663999997E-008   2.8225951488000002E-007   2.4194351462400001E-007
 %xp=          742   6.0459162624000005E-008   3.0241651507200001E-007   2.4194351462400001E-007
 %xp=          743   6.0458646527999998E-008   2.8225999872000001E-007   2.6210599833599997E-007
 %xp=          744   4.0308903936000000E-008   3.0240999935999998E-007   2.6209899878400000E-007
 %xp=          745   8.0606356991999997E-008   2.8227651379200001E-007   2.4195499775999998E-007
 %xp=          746   1.0077600153600001E-007   3.0243099801600004E-007   2.4194999808000000E-007
 %xp=          747   1.0077448550399999E-007   2.8227451391999998E-007   2.6211851366400001E-007
 %xp=          748   8.0620194816000008E-008   3.0241651507200001E-007   2.6210451455999997E-007
 %xp=          749   1.2093000192000001E-007   2.8229951232000000E-007   2.4197151283199999E-007
 %xp=          750   1.4110548479999999E-007   3.0244299724799999E-007   2.4195099801600002E-007
 %xp=          751   1.4110448486400000E-007   2.8228951295999998E-007   2.6213051289599996E-007
 %xp=          752   1.2094400102399999E-007   3.0242799820800004E-007   2.6211051417599997E-007
 %xp=          753   1.6126700083200000E-007   2.8232051097599996E-007   2.4198299596800001E-007
 %xp=          754   1.8144051609600002E-007   3.0243351398400000E-007   2.4193951487999999E-007
 %xp=          755   1.8143999999999999E-007   2.8230999552000001E-007   2.6215099545599999E-007
 %xp=          756   1.6127400038400000E-007   3.0243851366399999E-007   2.6211451391999999E-007
 %xp=          757   2.0161651507200001E-007   2.8232499455999996E-007   2.4198951167999999E-007
 %xp=          758   2.2177799884800000E-007   3.0244551321600001E-007   2.4195699763200002E-007
 %xp=          759   2.2178051481600002E-007   2.8228899686400000E-007   2.6213099673600000E-007
 %xp=          760   2.0160699955200000E-007   3.0243951360000000E-007   2.6211751372799999E-007
 %xp=          761   2.4195599769600000E-007   2.8229551257599999E-007   2.4196951296000000E-007
 %xp=          762   2.6210551449599998E-007   3.0242751436800000E-007   2.4194951424000001E-007
 %xp=          763   2.6210651443200000E-007   2.8226899814400001E-007   2.6211451391999999E-007
 %xp=          764   2.4193899878400001E-007   3.0242599833600000E-007   2.6211099801600001E-007
 %xp=          765   2.8227051417599996E-007   2.8226899814400001E-007   2.4195051417599998E-007
 %xp=          766   3.0241551513599999E-007   3.0241399910400000E-007   2.4194151475199997E-007
 %xp=          767   3.0241551513599999E-007   2.8225651507200002E-007   2.6210251468799998E-007
 %xp=          768   2.8225799884800003E-007   3.0241451519999998E-007   2.6210251468799998E-007
 %xp=          769   3.4042240512000001E-012   1.5934493030399999E-012   2.8225251532800000E-007
 %xp=          770   2.0157200179200002E-008   2.0155348684799998E-008   2.8225251532800000E-007
 %xp=          771   2.0157700147200001E-008   1.0473145804800000E-012   3.0240699955200003E-007
 %xp=          772   2.8744418304000001E-012   2.0155900262400001E-008   3.0240699955200003E-007
 %xp=          773   4.0311839231999997E-008   1.5931338393600001E-012   2.8225299916799999E-007
 %xp=          774   6.0467549184000002E-008   2.0154148761600000E-008   2.8225499903999997E-007
 %xp=          775   6.0469194240000009E-008   1.5933228595200000E-012   3.0240799948799999E-007
 %xp=          776   4.0312710144000000E-008   2.0155448678400001E-008   3.0240751564799996E-007
 %xp=          777   8.0625710591999999E-008   3.1633797888000000E-012   2.8225651507200002E-007
 %xp=          778   1.0078600089599999E-007   2.0152500480000000E-008   2.8225851494400001E-007
 %xp=          779   1.0078748467199999E-007   3.1147864473599996E-012   3.0240999935999998E-007
 %xp=          780   8.0627387904000001E-008   2.0154448742400000E-008   3.0240951551999999E-007
 %xp=          781   1.2094848460800000E-007   6.0958388735999998E-012   2.8225951488000002E-007
 %xp=          782   1.4111200051200000E-007   2.0152148889600001E-008   2.8225999872000001E-007
 %xp=          783   1.4111300044799999E-007   5.1444513792000002E-012   3.0241199923199996E-007
 %xp=          784   1.2094948454399999E-007   2.0153848780799998E-008   3.0241151539199998E-007
 %xp=          785   1.6127600025599998E-007   1.1179258675200000E-011   2.8225951488000002E-007
 %xp=          786   1.8143999999999999E-007   2.0152148889600001E-008   2.8225699891200001E-007
 %xp=          787   1.8143948390399998E-007   8.0205995520000005E-012   3.0241399910400000E-007
 %xp=          788   1.6127600025599998E-007   2.0154800332799999E-008   3.0241151539199998E-007
 %xp=          789   2.0160451583999998E-007   1.1179636070400000E-011   2.8226151475200001E-007
 %xp=          790   2.2176999935999999E-007   2.0152500480000000E-008   2.8226099865600003E-007
 %xp=          791   2.2176851558399999E-007   5.1450706943999994E-012   3.0241199923199996E-007
 %xp=          792   2.0160451583999998E-007   2.0153848780799998E-008   3.0241251532799999E-007
 %xp=          793   2.4193351526399999E-007   6.0962130431999995E-012   2.8225951488000002E-007
 %xp=          794   2.6209451520000000E-007   2.0154148761600000E-008   2.8225699891200001E-007
 %xp=          795   2.6209299916800000E-007   3.1151228774399996E-012   3.0240951551999999E-007
 %xp=          796   2.4193199923199999E-007   2.0154448742400000E-008   3.0241099929599999E-007
 %xp=          797   2.8225299916799999E-007   3.1636088064000000E-012   2.8225499903999997E-007
 %xp=          798   3.0240899942400001E-007   2.0155348684799998E-008   2.8225351526400002E-007
 %xp=          799   3.0240799948799999E-007   1.5936544512000001E-012   3.0240751564799996E-007
 %xp=          800   2.8225099929600000E-007   2.0155448678400001E-008   3.0240851558399997E-007
 %xp=          801   3.4041434111999997E-012   4.0310000639999998E-008   2.8225351526400002E-007
 %xp=          802   2.0155600281599998E-008   6.0466000895999995E-008   2.8225499903999997E-007
 %xp=          803   2.0157200179200002E-008   4.0311000576000003E-008   3.0240751564799996E-007
 %xp=          804   3.3113170944000002E-012   6.0467613696000006E-008   3.0240851558399997E-007
 %xp=          805   4.0310387712000003E-008   4.0308807168000000E-008   2.8225451519999999E-007
 %xp=          806   6.0462614015999995E-008   6.0461291519999996E-008   2.8225999872000001E-007
 %xp=          807   6.0468000768000005E-008   4.0309000704000000E-008   3.0240899942400001E-007
 %xp=          808   4.0310387712000003E-008   6.0466484735999993E-008   3.0240951551999999E-007
 %xp=          809   8.0623742975999998E-008   4.0304162303999999E-008   2.8225951488000002E-007
 %xp=          810   1.0078100121600000E-007   6.0453098495999998E-008   2.8226951423999999E-007
 %xp=          811   1.0078648473600000E-007   4.0305904127999999E-008   3.0241251532799999E-007
 %xp=          812   8.0624065535999993E-008   6.0462388224000001E-008   3.0241299916799998E-007
 %xp=          813   1.2094748467200001E-007   4.0299001343999998E-008   2.8226499839999999E-007
 %xp=          814   1.4111048448000000E-007   6.0446937599999992E-008   2.8227551385599999E-007
 %xp=          815   1.4111248435200001E-007   4.0304807424000001E-008   3.0241451519999998E-007
 %xp=          816   1.2094800076799999E-007   6.0459710975999994E-008   3.0241751500799998E-007
 %xp=          817   1.6127600025599998E-007   4.0296453119999999E-008   2.8226451456000001E-007
 %xp=          818   1.8143999999999999E-007   6.0438938112000006E-008   2.8228299724800000E-007
 %xp=          819   1.8143999999999999E-007   4.0301904383999999E-008   3.0241651507200001E-007
 %xp=          820   1.6127548416000000E-007   6.0459646464000003E-008   3.0241999872000000E-007
 %xp=          821   2.0160551577600000E-007   4.0293904896000001E-008   2.8226699827200003E-007
 %xp=          822   2.2177451519999999E-007   6.0446453760000007E-008   2.8227499775999996E-007
 %xp=          823   2.2176951552000001E-007   4.0303904255999996E-008   3.0241451519999998E-007
 %xp=          824   2.0160551577600000E-007   6.0456485375999998E-008   3.0242099865600002E-007
 %xp=          825   2.4193499903999999E-007   4.0301259263999998E-008   2.8226251468800002E-007
 %xp=          826   2.6209999872000002E-007   6.0457098240000004E-008   2.8226399846400003E-007
 %xp=          827   2.6209399910400002E-007   4.0307452415999999E-008   3.0241051545600001E-007
 %xp=          828   2.4193499903999999E-007   6.0459291648000000E-008   3.0241551513599999E-007
 %xp=          829   2.8225399910400001E-007   4.0307194367999996E-008   2.8225651507200002E-007
 %xp=          830   3.0241151539199998E-007   6.0464549376000001E-008   2.8225651507200002E-007
 %xp=          831   3.0240851558399997E-007   4.0310452224000000E-008   3.0240799948799999E-007
 %xp=          832   2.8225451519999999E-007   6.0464613887999992E-008   3.0241099929599999E-007
 %xp=          833   4.5972863999999996E-012   8.0624452608000004E-008   2.8225699891200001E-007
 %xp=          834   2.0152700467200000E-008   1.0078548479999999E-007   2.8225951488000002E-007
 %xp=          835   2.0155648665600001E-008   8.0626194431999997E-008   3.0240951551999999E-007
 %xp=          836   4.3057050624000002E-012   1.0078700083200001E-007   3.0241099929599999E-007
 %xp=          837   4.0305000960000000E-008   8.0622355968000008E-008   2.8225999872000001E-007
 %xp=          838   6.0452743680000008E-008   1.0077948518400001E-007   2.8227051417599996E-007
 %xp=          839   6.0463388159999992E-008   8.0622807551999998E-008   3.0241299916799998E-007
 %xp=          840   4.0306258944000002E-008   1.0078600089599999E-007   3.0241299916799998E-007
 %xp=          841   8.0615001599999998E-008   8.0613937152000002E-008   2.8227151411199998E-007
 %xp=          842   1.0077200179200000E-007   1.0077000191999999E-007   2.8228651315200003E-007
 %xp=          843   1.0078248499199999E-007   8.0619001343999991E-008   3.0241951488000001E-007
 %xp=          844   8.0619291648000003E-008   1.0078200115200000E-007   3.0241999872000000E-007
 %xp=          845   1.2094148505600000E-007   8.0605357055999993E-008   2.8228299724800000E-007
 %xp=          846   1.4110400102400001E-007   1.0077500160000000E-007   2.8228599705600000E-007
 %xp=          847   1.4111000063999999E-007   8.0621904383999993E-008   3.0242151475200000E-007
 %xp=          848   1.2094600089599998E-007   1.0078500096000000E-007   3.0242199859199998E-007
 %xp=          849   1.6127300044800000E-007   8.0604486143999996E-008   2.8228799692799998E-007
 %xp=          850   1.8144151603199999E-007   1.0077800140799999E-007   2.8228199731199998E-007
 %xp=          851   1.8144051609600002E-007   8.0623001087999997E-008   3.0242151475200000E-007
 %xp=          852   1.6127600025599998E-007   1.0079048447999999E-007   3.0241799884800002E-007
 %xp=          853   2.0161051545600001E-007   8.0598002687999996E-008   2.8229251276799998E-007
 %xp=          854   2.2178399846400001E-007   1.0076400230400000E-007   2.8229599641600002E-007
 %xp=          855   2.2177351526400000E-007   8.0616001536000003E-008   3.0242399846400002E-007
 %xp=          856   2.0160551577600000E-007   1.0078648473600000E-007   3.0242099865600002E-007
 %xp=          857   2.4194451455999998E-007   8.0607163391999990E-008   2.8227899750399998E-007
 %xp=          858   2.6211151411199999E-007   1.0077400166400001E-007   2.8227899750399998E-007
 %xp=          859   2.6209899878400000E-007   8.0619646463999993E-008   3.0241599897599998E-007
 %xp=          860   2.4193899878400001E-007   1.0077948518400001E-007   3.0242499839999998E-007
 %xp=          861   2.8226199859199999E-007   8.0618646528000001E-008   2.8226399846400003E-007
 %xp=          862   3.0241751500799998E-007   1.0078348492800001E-007   2.8226251468800002E-007
 %xp=          863   3.0241151539199998E-007   8.0624936448000002E-008   3.0241051545600001E-007
 %xp=          864   2.8225951488000002E-007   1.0078348492800001E-007   3.0241551513599999E-007
 %xp=          865   6.2722372608000000E-012   1.2094900070400001E-007   2.8226099865600003E-007
 %xp=          866   2.0147600793599999E-008   1.4111448422399999E-007   2.8226151475200001E-007
 %xp=          867   2.0153648793599998E-008   1.2095000064000000E-007   3.0241199923199996E-007
 %xp=          868   4.9019281919999999E-012   1.4111448422399999E-007   3.0241251532799999E-007
 %xp=          869   4.0296646655999998E-008   1.2094748467200001E-007   2.8226699827200003E-007
 %xp=          870   6.0443163647999994E-008   1.4111000063999999E-007   2.8228251340800002E-007
 %xp=          871   6.0458840063999997E-008   1.2094748467200001E-007   3.0241951488000001E-007
 %xp=          872   4.0302452736000002E-008   1.4111400038400001E-007   3.0241699891200000E-007
 %xp=          873   8.0604905472000003E-008   1.2093900134400001E-007   2.8228651315200003E-007
 %xp=          874   1.0077148569600001E-007   1.4111000063999999E-007   2.8228351334400003E-007
 %xp=          875   1.0078300108800000E-007   1.2094848460800000E-007   3.0242199859199998E-007
 %xp=          876   8.0621097984000000E-008   1.4111348428800000E-007   3.0242099865600002E-007
 %xp=          877   1.2093648537599999E-007   1.2094200115200001E-007   2.8228399718400002E-007
 %xp=          878   1.4111348428800000E-007   1.4111500032000000E-007   2.8225951488000002E-007
 %xp=          879   1.4111400038400001E-007   1.2095448422400000E-007   3.0241499903999996E-007
 %xp=          880   1.2095400038400002E-007   1.4111648409600000E-007   3.0241399910400000E-007
 %xp=          881   1.6127500031999999E-007   1.2095048447999998E-007   2.8226751436800001E-007
 %xp=          882   1.8143948390399998E-007   1.4111948390400000E-007   2.8224899942399997E-007
 %xp=          883   1.8143948390399998E-007   1.2095748403200000E-007   3.0241199923199996E-007
 %xp=          884   1.6127900006400001E-007   1.4112051609599999E-007   3.0240451584000001E-007
 %xp=          885   2.0160951552000002E-007   1.2094400102399999E-007   2.8227699763200000E-007
 %xp=          886   2.2177499903999997E-007   1.4110948454400001E-007   2.8227699763200000E-007
 %xp=          887   2.2176951552000001E-007   1.2094900070400001E-007   3.0242099865600002E-007
 %xp=          888   2.0160000000000001E-007   1.4111848396799998E-007   3.0240899942400001E-007
 %xp=          889   2.4195499775999998E-007   1.2093448550400001E-007   2.8229599641600002E-007
 %xp=          890   2.6212099737600003E-007   1.4110800076800000E-007   2.8229251276799998E-007
 %xp=          891   2.6210251468799998E-007   1.2094548480000000E-007   3.0242399846400002E-007
 %xp=          892   2.4193251532800002E-007   1.4111348428800000E-007   3.0242099865600002E-007
 %xp=          893   2.8227251404799999E-007   1.2094400102399999E-007   2.8227499775999996E-007
 %xp=          894   3.0242499839999998E-007   1.4111300044799999E-007   2.8226699827200003E-007
 %xp=          895   3.0241499903999996E-007   1.2094948454399999E-007   3.0241451519999998E-007
 %xp=          896   2.8226199859199999E-007   1.4111300044799999E-007   3.0242099865600002E-007
 %xp=          897   6.6151895039999998E-012   1.6127900006400001E-007   2.8225699891200001E-007
 %xp=          898   2.0147600793599999E-008   1.8144299980799999E-007   2.8225951488000002E-007
 %xp=          899   2.0150748979200000E-008   1.6127900006400001E-007   3.0241399910400000E-007
 %xp=          900   3.9611755008000001E-012   1.8144299980799999E-007   3.0241151539199998E-007
 %xp=          901   4.0288292352000003E-008   1.6127900006400001E-007   2.8227351398400001E-007
 %xp=          902   6.0445744128000001E-008   1.8144599961599999E-007   2.8227999744000000E-007
 %xp=          903   6.0460807679999998E-008   1.6127900006400001E-007   3.0241951488000001E-007
 %xp=          904   4.0303388160000002E-008   1.8144351590400002E-007   3.0241599897599998E-007
 %xp=          905   8.0608195584000003E-008   1.6127848396800000E-007   2.8228299724800000E-007
 %xp=          906   1.0077800140799999E-007   1.8144399974400001E-007   2.8227899750399998E-007
 %xp=          907   1.0079148441600001E-007   1.6127848396800000E-007   3.0241651507200001E-007
 %xp=          908   8.0624259072000005E-008   1.8144299980799999E-007   3.0241999872000000E-007
 %xp=          909   1.2095248435199999E-007   1.6127700019200000E-007   2.8226351462399999E-007
 %xp=          910   1.4112000000000001E-007   1.8143848396800002E-007   2.8224999935999999E-007
 %xp=          911   1.4112051609599999E-007   1.6127900006400001E-007   3.0240451584000001E-007
 %xp=          912   1.2095800012799998E-007   1.8143999999999999E-007   3.0241099929599999E-007
 %xp=          913   1.6128051609600001E-007   1.6127900006400001E-007   2.8223700019200002E-007
 %xp=          914   1.8143948390399998E-007   1.8143848396800002E-007   2.8223700019200002E-007
 %xp=          915   1.8143848396800002E-007   1.6128051609600001E-007   3.0240000000000001E-007
 %xp=          916   1.6128099993600002E-007   1.8143800012800001E-007   3.0240000000000001E-007
 %xp=          917   2.0159900006399999E-007   1.6127900006400001E-007   2.8224899942399997E-007
 %xp=          918   2.2176851558399999E-007   1.8144399974400001E-007   2.8226751436800001E-007
 %xp=          919   2.2176151603199999E-007   1.6127900006400001E-007   3.0241199923199996E-007
 %xp=          920   2.0159800012800002E-007   1.8143999999999999E-007   3.0240451584000001E-007
 %xp=          921   2.4194099865599999E-007   1.6127700019200000E-007   2.8228199731199998E-007
 %xp=          922   2.6211451391999999E-007   1.8144599961599999E-007   2.8228799692799998E-007
 %xp=          923   2.6209551513600001E-007   1.6127848396800000E-007   3.0242151475200000E-007
 %xp=          924   2.4192851558400000E-007   1.8144299980799999E-007   3.0241799884800002E-007
 %xp=          925   2.8227999744000000E-007   1.6127848396800000E-007   2.8228299724800000E-007
 %xp=          926   3.0242251468800001E-007   1.8144299980799999E-007   2.8226451456000001E-007
 %xp=          927   3.0241699891200000E-007   1.6127900006400001E-007   3.0241651507200001E-007
 %xp=          928   2.8225899878399999E-007   1.8144351590400002E-007   3.0241999872000000E-007
 %xp=          929   6.6157862399999998E-012   2.0160651571200001E-007   2.8225999872000001E-007
 %xp=          930   2.0152700467200000E-008   2.2176999935999999E-007   2.8225951488000002E-007
 %xp=          931   2.0153648793599998E-008   2.0160599961599998E-007   3.0241199923199996E-007
 %xp=          932   4.9028765183999996E-012   2.2176899942400000E-007   3.0241151539199998E-007
 %xp=          933   4.0296356352000000E-008   2.0160799948800002E-007   2.8226599833600001E-007
 %xp=          934   6.0450453504000000E-008   2.2177551513600001E-007   2.8227299788799998E-007
 %xp=          935   6.0459743232000002E-008   2.0160799948800002E-007   3.0241951488000001E-007
 %xp=          936   4.0305646080000002E-008   2.2176999935999999E-007   3.0241351526400001E-007
 %xp=          937   8.0605357055999993E-008   2.0161351526400001E-007   2.8228699699200002E-007
 %xp=          938   1.0077000191999999E-007   2.2178151475199998E-007   2.8229051289600000E-007
 %xp=          939   1.0078900070400000E-007   2.0160551577600000E-007   3.0241951488000001E-007
 %xp=          940   8.0619710975999997E-008   2.2177251532800001E-007   3.0242199859199998E-007
 %xp=          941   1.2094748467200001E-007   2.0160751564799998E-007   2.8227399782400000E-007
 %xp=          942   1.4111148441600002E-007   2.2177099929600001E-007   2.8227399782400000E-007
 %xp=          943   1.4111948390400000E-007   2.0159948390399997E-007   3.0240899942400001E-007
 %xp=          944   1.2095148441600000E-007   2.2176699955200002E-007   3.0241899878399998E-007
 %xp=          945   1.6128051609600001E-007   2.0159900006399999E-007   2.8224999935999999E-007
 %xp=          946   1.8144151603199999E-007   2.2176651571200000E-007   2.8226351462399999E-007
 %xp=          947   1.8143948390399998E-007   2.0159800012800002E-007   3.0240451584000001E-007
 %xp=          948   1.6127900006400001E-007   2.2176099993600001E-007   3.0241099929599999E-007
 %xp=          949   2.0160399974400000E-007   2.0160551577600000E-007   2.8225951488000002E-007
 %xp=          950   2.2177651507200000E-007   2.2178199859200000E-007   2.8228399718400002E-007
 %xp=          951   2.2176399974400001E-007   2.0160499967999999E-007   3.0241499903999996E-007
 %xp=          952   2.0160251596800000E-007   2.2176499967999998E-007   3.0241399910400000E-007
 %xp=          953   2.4194399846399999E-007   2.0161499903999998E-007   2.8228599705600000E-007
 %xp=          954   2.6211351398400002E-007   2.2177751500799999E-007   2.8228299724800000E-007
 %xp=          955   2.6209651507200003E-007   2.0160851558400000E-007   3.0242151475200000E-007
 %xp=          956   2.4193351526399999E-007   2.2177251532800001E-007   3.0242199859199998E-007
 %xp=          957   2.8227199795200001E-007   2.0160851558400000E-007   2.8227551385599999E-007
 %xp=          958   3.0241999872000000E-007   2.2177151539199999E-007   2.8226499839999999E-007
 %xp=          959   3.0241399910400000E-007   2.0160599961599998E-007   3.0241451519999998E-007
 %xp=          960   2.8225899878399999E-007   2.2177099929600001E-007   3.0241751500799998E-007
 %xp=          961   6.2734758912000000E-012   2.4193251532800002E-007   2.8225851494400001E-007
 %xp=          962   2.0155600281599998E-008   2.6209299916800000E-007   2.8225651507200002E-007
 %xp=          963   2.0155648665600001E-008   2.4193151539200001E-007   3.0240999935999998E-007
 %xp=          964   4.3068856320000001E-012   2.6209099929600001E-007   3.0240951551999999E-007
 %xp=          965   4.0303291391999996E-008   2.4193451520000001E-007   2.8226151475200001E-007
 %xp=          966   6.0459614207999994E-008   2.6209851494400002E-007   2.8226299852800001E-007
 %xp=          967   6.0461839871999998E-008   2.4193399910400003E-007   3.0241499903999996E-007
 %xp=          968   4.0309387775999998E-008   2.6209251532800001E-007   3.0241051545600001E-007
 %xp=          969   8.0611034112000001E-008   2.4194251468799999E-007   2.8227699763200000E-007
 %xp=          970   1.0077648537600000E-007   2.6210799820800000E-007   2.8227699763200000E-007
 %xp=          971   1.0078200115200000E-007   2.4193651507199999E-007   3.0242299852800000E-007
 %xp=          972   8.0621839872000002E-008   2.6209699891200002E-007   3.0241499903999996E-007
 %xp=          973   1.2093748531199999E-007   2.4194899814399998E-007   2.8229051289600000E-007
 %xp=          974   1.4110548479999999E-007   2.6211351398400002E-007   2.8228699699200002E-007
 %xp=          975   1.4111300044799999E-007   2.4192999936000001E-007   3.0241951488000001E-007
 %xp=          976   1.2094648473600002E-007   2.6209899878400000E-007   3.0242199859199998E-007
 %xp=          977   1.6127500031999999E-007   2.4194051481600001E-007   2.8227899750399998E-007
 %xp=          978   1.8143999999999999E-007   2.6211099801600001E-007   2.8228299724800000E-007
 %xp=          979   1.8144051609600002E-007   2.4192699955200001E-007   3.0241651507200001E-007
 %xp=          980   1.6127600025599998E-007   2.6209451520000000E-007   3.0241999872000000E-007
 %xp=          981   2.0160851558400000E-007   2.4194699827200000E-007   2.8228351334400003E-007
 %xp=          982   2.2177951488000000E-007   2.6211399782400001E-007   2.8228651315200003E-007
 %xp=          983   2.2177051545600002E-007   2.4193599897600001E-007   3.0242199859199998E-007
 %xp=          984   2.0160499967999999E-007   2.6209751500800000E-007   3.0242099865600002E-007
 %xp=          985   2.4194851430399999E-007   2.4194699827200000E-007   2.8228651315200003E-007
 %xp=          986   2.6210451455999997E-007   2.6210399846399998E-007   2.8227151411199998E-007
 %xp=          987   2.6209951487999998E-007   2.4193599897600001E-007   3.0241951488000001E-007
 %xp=          988   2.4193651507199999E-007   2.6209951487999998E-007   3.0241999872000000E-007
 %xp=          989   2.8226599833600001E-007   2.4193799884799999E-007   2.8226951423999999E-007
 %xp=          990   3.0241451519999998E-007   2.6209499903999998E-007   2.8225951488000002E-007
 %xp=          991   3.0241299916799998E-007   2.4193199923199999E-007   3.0241251532799999E-007
 %xp=          992   2.8225651507200002E-007   2.6209499903999998E-007   3.0241299916799998E-007
 %xp=          993   4.5978895872000001E-012   2.8225151539199999E-007   2.8225499903999997E-007
 %xp=          994   2.0157200179200002E-008   3.0240699955200003E-007   2.8225299916799999E-007
 %xp=          995   2.0157200179200002E-008   2.8224951552000000E-007   3.0240799948799999E-007
 %xp=          996   3.3112364543999998E-012   3.0240599961600001E-007   3.0240751564799996E-007
 %xp=          997   4.0309194239999999E-008   2.8225251532800000E-007   2.8225599897599999E-007
 %xp=          998   6.0466291199999994E-008   3.0240951551999999E-007   2.8225599897599999E-007
 %xp=          999   6.0466549247999997E-008   2.8225251532800000E-007   3.0240999935999998E-007
 %xp=         1000   4.0312290816000000E-008   3.0240651571199999E-007   3.0240799948799999E-007
 %xp=         1001   8.0620485120000007E-008   2.8225899878399999E-007   2.8226299852800001E-007
 %xp=         1002   1.0078400102400000E-007   3.0241551513599999E-007   2.8226151475200001E-007
 %xp=         1003   1.0078448486400000E-007   2.8225699891200001E-007   3.0241499903999996E-007
 %xp=         1004   8.0626291199999997E-008   3.0240951551999999E-007   3.0241051545600001E-007
 %xp=         1005   1.2094348492800001E-007   2.8226851430399997E-007   2.8227299788799998E-007
 %xp=         1006   1.4111048448000000E-007   3.0242251468800001E-007   2.8226599833600001E-007
 %xp=         1007   1.4111048448000000E-007   2.8225899878399999E-007   3.0241951488000001E-007
 %xp=         1008   1.2094848460800000E-007   3.0241299916799998E-007   3.0241351526400001E-007
 %xp=         1009   1.6127300044800000E-007   2.8227299788799998E-007   2.8227999744000000E-007
 %xp=         1010   1.8143999999999999E-007   3.0243051417600000E-007   2.8227351398400001E-007
 %xp=         1011   1.8143999999999999E-007   2.8225799884800003E-007   3.0241951488000001E-007
 %xp=         1012   1.6127548416000000E-007   3.0241551513599999E-007   3.0241599897599998E-007
 %xp=         1013   2.0160851558400000E-007   2.8227551385599999E-007   2.8228251340800002E-007
 %xp=         1014   2.2177151539199999E-007   3.0242251468800001E-007   2.8226699827200003E-007
 %xp=         1015   2.2177151539199999E-007   2.8225999872000001E-007   3.0241951488000001E-007
 %xp=         1016   2.0160499967999999E-007   3.0241651507200001E-007   3.0241699891200000E-007
 %xp=         1017   2.4193899878400001E-007   2.8226599833600001E-007   2.8227051417599996E-007
 %xp=         1018   2.6209651507200003E-007   3.0241351526400001E-007   2.8225999872000001E-007
 %xp=         1019   2.6209599897600000E-007   2.8225551513600000E-007   3.0241299916799998E-007
 %xp=         1020   2.4193299916800001E-007   3.0241251532799999E-007   3.0241299916799998E-007
 %xp=         1021   2.8225751500799999E-007   2.8225599897599999E-007   2.8225999872000001E-007
 %xp=         1022   3.0240999935999998E-007   3.0240851558399997E-007   2.8225451519999999E-007
 %xp=         1023   3.0240999935999998E-007   2.8225099929600000E-007   3.0240899942400001E-007
 %xp=         1024   1.5361500672000001E-007   1.6023300249599998E-007   1.6128000000000000E-007
 %xp=         1025   1.7748499507199998E-007   1.6523400499199999E-007   1.6128000000000000E-007
