1.1	0.1216
1.2	0.1216
1.3	0.1266
1.4	0.1314
1.5	0.1360
1.6	0.1404
1.7	0.1447
1.8	0.1489
2	0.1570
2.25	0.1665
2.49999	0.1755
2.74999	0.1841
2.99999	0.1923
3.24999	0.2001
3.49999	0.2077
3.74999	0.2150
3.99999	0.2220
4.49999	0.2355
4.99999	0.2482
5.49999	0.2603
5.99999	0.2719
6.49999	0.2830
6.99999	0.2937
7.99999	0.3140
8.99999	0.3330
9.99999	0.3510
10.9999	0.3682
11.9999	0.3846
12.9999	0.4003
13.9999	0.4154
14.9999	0.4299
15.9999	0.4440
16.9999	0.4577
17.9999	0.4710
19.9999	0.4965
22.4999	0.5266
24.9999	0.5551
27.4999	0.5821
29.9999	0.6080
32.4999	0.6329
34.9999	0.6568
37.4999	0.6798
39.9999	0.7021
44.9999	0.7447
49.9999	0.7850
54.9999	0.8233
59.9999	0.8599
64.9999	0.8950
69.9999	0.9288
79.9999	0.9929
89.9999	1.0530
99.9999	1.1100
110	1.1640
120	1.2160
130	1.2660
139.999	1.3140
149.999	1.3600
159.999	1.4040
169.999	1.4470
179.999	1.4890
199.999	1.5700
224.999	1.6650
249.999	1.7550
274.999	1.8410
299.999	1.9230
324.999	2.0010
349.999	2.0770
374.999	2.1500
399.999	2.2200
449.999	2.3550
499.999	2.4820
549.999	2.6030
599.999	2.7190
649.999	2.8300
699.999	2.9370
799.999	3.1400
899.999	3.3300
999.999	3.5100
1100	3.6820
1200	3.8460
1300	4.0030
1400	4.1540
1500	4.2990
1600	4.4400
1700	4.5770
1800	4.7100
2000	4.9650
2250	5.2660
2500	5.5510
2750	5.8210
3000	6.0800
3250	6.3290
3500	6.5680
3750	6.7980
4000	7.0210
4500	7.4470
5000	7.8500
5500	8.2330
6000	8.5990
6500	8.9500
7000	9.2880
8000	9.9290
9000	10.5300
10000	11.1000
11000	11.6400
12000	12.1600
13000	12.6600
14000	13.1400
15000	13.6000
16000	14.0400
17000	14.4700
18000	14.8900
20000	15.7000
22500	16.6500
25000	17.5500
27500	18.4100
30000	19.2300
32500	20.0100
35000	20.7700
37500	21.5000
40000	22.2000
45000	23.5500
50000	24.8200
55000	26.0300
60000	27.1900
65000	28.3000
70000	29.3700
80000	31.4000
90000	33.3000
100000	35.1000
110000	36.8200
120000	39.4400
130000	41.4900
140000	42.9500
150000	44.0600
160000	45.0700
170000	46.1700
180000	47.4500
200000	50.4500
225000	54.4200
250000	58.2200
275000	61.8100
300000	65.2400
325000	68.5800
350000	71.8600
375000	75.1000
400000	78.3200
450000	84.6700
500000	90.9200
550000	97.0700
600000	103.1000
650000	109.0000
700000	114.8000
800000	126.0000
900000	136.7000
1000000	147.1000
1100000	157.1000
1200000	166.9000
1300000	176.5000
1400000	185.8000
1500000	195.0000
1600000	204.1000
1700000	213.0000
1800000	221.9000
2000000	239.4000
2250000	261.0000
2500000	282.4000
2750000	303.6000
3000000	324.6000
3250000	345.4000
3500000	366.1000
3750000	386.7000
4000000	407.0000
4500000	447.2000
5000000	486.6000
5500000	525.1000
6000000	562.6000
6500000	599.2000
7000000	634.7000
8000000	702.8000
9000000	766.8000
10000000	827.0000
11000000	883.4000
12000000	936.3000
13000000	986.0000
14000000	1033.0000
15000000	1076.0000
16000000	1117.0000
17000000	1156.0000
18000000	1192.0000
20000000	1259.0000
