 im =           32
 imm =         2100
 icaltabt =                     2
 ltabvois  F
 %xp=            1           1   0.0000000000000000        0.0000000000000000        0.0000000000000000     
 %xp=            2           2   1.7500000000000001E-008   2.0160000000000000E-008   0.0000000000000000     
 %xp=            3           3   1.7500000000000001E-008   0.0000000000000000        2.0160000000000000E-008
 %xp=            4           4   0.0000000000000000        2.0160000000000000E-008   2.0160000000000000E-008
 %xp=            5           5   0.0000000000000000        0.0000000000000000        4.0320000000000000E-008
 %xp=            6           6   1.7500000000000001E-008   2.0160000000000000E-008   4.0320000000000000E-008
 %xp=            7           7   1.7500000000000001E-008   0.0000000000000000        6.0479999999999996E-008
 %xp=            8           8   0.0000000000000000        2.0160000000000000E-008   6.0479999999999996E-008
 %xp=            9           9   0.0000000000000000        4.0320000000000000E-008   0.0000000000000000     
 %xp=           10          10   1.7500000000000001E-008   6.0479999999999996E-008   0.0000000000000000     
 %xp=           11          11   1.7500000000000001E-008   4.0320000000000000E-008   2.0160000000000000E-008
 %xp=           12          12   0.0000000000000000        6.0479999999999996E-008   2.0160000000000000E-008
 %xp=           13          13   0.0000000000000000        4.0320000000000000E-008   4.0320000000000000E-008
 %xp=           14          14   1.7500000000000001E-008   6.0479999999999996E-008   4.0320000000000000E-008
 %xp=           15          15   1.7500000000000001E-008   4.0320000000000000E-008   6.0479999999999996E-008
 %xp=           16          16   0.0000000000000000        6.0479999999999996E-008   6.0479999999999996E-008
 %xp=           17          17   3.5000000000000002E-008   0.0000000000000000        0.0000000000000000     
 %xp=           18          18   5.2500000000000000E-008   2.0160000000000000E-008   0.0000000000000000     
 %xp=           19          19   5.2500000000000000E-008   0.0000000000000000        2.0160000000000000E-008
 %xp=           20          20   3.5000000000000002E-008   2.0160000000000000E-008   2.0160000000000000E-008
 %xp=           21          21   3.5000000000000002E-008   0.0000000000000000        4.0320000000000000E-008
 %xp=           22          22   5.2500000000000000E-008   2.0160000000000000E-008   4.0320000000000000E-008
 %xp=           23          23   5.2500000000000000E-008   0.0000000000000000        6.0479999999999996E-008
 %xp=           24          24   3.5000000000000002E-008   2.0160000000000000E-008   6.0479999999999996E-008
 %xp=           25          25   3.5000000000000002E-008   4.0320000000000000E-008   0.0000000000000000     
 %xp=           26          26   5.2500000000000000E-008   6.0479999999999996E-008   0.0000000000000000     
 %xp=           27          27   5.2500000000000000E-008   4.0320000000000000E-008   2.0160000000000000E-008
 %xp=           28          28   3.5000000000000002E-008   6.0479999999999996E-008   2.0160000000000000E-008
 %xp=           29          29   3.5000000000000002E-008   4.0320000000000000E-008   4.0320000000000000E-008
 %xp=           30          30   5.2500000000000000E-008   6.0479999999999996E-008   4.0320000000000000E-008
 %xp=           31          31   5.2500000000000000E-008   4.0320000000000000E-008   6.0479999999999996E-008
 %xp=           32          32   3.5000000000000002E-008   6.0479999999999996E-008   6.0479999999999996E-008
 %ityp=            1           1           1
 %ityp=            2           2           1
 %ityp=            3           3           1
 %ityp=            4           4           1
 %ityp=            5           5           1
 %ityp=            6           6           1
 %ityp=            7           7           1
 %ityp=            8           8           1
 %ityp=            9           9           1
 %ityp=           10          10           1
 %ityp=           11          11           1
 %ityp=           12          12           1
 %ityp=           13          13           1
 %ityp=           14          14           1
 %ityp=           15          15           1
 %ityp=           16          16           1
 %ityp=           17          17           1
 %ityp=           18          18           1
 %ityp=           19          19           1
 %ityp=           20          20           1
 %ityp=           21          21           1
 %ityp=           22          22           1
 %ityp=           23          23           1
 %ityp=           24          24           1
 %ityp=           25          25           1
 %ityp=           26          26           1
 %ityp=           27          27           1
 %ityp=           28          28           1
 %ityp=           29          29           1
 %ityp=           30          30           1
 %ityp=           31          31           1
 %ityp=           32          32           1
 %num_at_glob=            1           1
 %num_at_glob=            2           2
 %num_at_glob=            3           3
 %num_at_glob=            4           4
 %num_at_glob=            5           5
 %num_at_glob=            6           6
 %num_at_glob=            7           7
 %num_at_glob=            8           8
 %num_at_glob=            9           9
 %num_at_glob=           10          10
 %num_at_glob=           11          11
 %num_at_glob=           12          12
 %num_at_glob=           13          13
 %num_at_glob=           14          14
 %num_at_glob=           15          15
 %num_at_glob=           16          16
 %num_at_glob=           17          17
 %num_at_glob=           18          18
 %num_at_glob=           19          19
 %num_at_glob=           20          20
 %num_at_glob=           21          21
 %num_at_glob=           22          22
 %num_at_glob=           23          23
 %num_at_glob=           24          24
 %num_at_glob=           25          25
 %num_at_glob=           26          26
 %num_at_glob=           27          27
 %num_at_glob=           28          28
 %num_at_glob=           29          29
 %num_at_glob=           30          30
 %num_at_glob=           31          31
 %num_at_glob=           32          32
 %fp=            1           1   0.0000000000000000        0.0000000000000000        0.0000000000000000     
 %fp=            2           2   0.0000000000000000        0.0000000000000000        0.0000000000000000     
 %fp=            3           3   0.0000000000000000        0.0000000000000000        0.0000000000000000     
 %fp=            4           4   0.0000000000000000        0.0000000000000000        0.0000000000000000     
 %fp=            5           5   0.0000000000000000        0.0000000000000000        0.0000000000000000     
 %fp=            6           6   0.0000000000000000        0.0000000000000000        0.0000000000000000     
 %fp=            7           7   0.0000000000000000        0.0000000000000000        0.0000000000000000     
 %fp=            8           8   0.0000000000000000        0.0000000000000000        0.0000000000000000     
 %fp=            9           9   0.0000000000000000        0.0000000000000000        0.0000000000000000     
 %fp=           10          10   0.0000000000000000        0.0000000000000000        0.0000000000000000     
 %fp=           11          11   0.0000000000000000        0.0000000000000000        0.0000000000000000     
 %fp=           12          12   0.0000000000000000        0.0000000000000000        0.0000000000000000     
 %fp=           13          13   0.0000000000000000        0.0000000000000000        0.0000000000000000     
 %fp=           14          14   0.0000000000000000        0.0000000000000000        0.0000000000000000     
 %fp=           15          15   0.0000000000000000        0.0000000000000000        0.0000000000000000     
 %fp=           16          16   0.0000000000000000        0.0000000000000000        0.0000000000000000     
 %fp=           17          17   0.0000000000000000        0.0000000000000000        0.0000000000000000     
 %fp=           18          18   0.0000000000000000        0.0000000000000000        0.0000000000000000     
 %fp=           19          19   0.0000000000000000        0.0000000000000000        0.0000000000000000     
 %fp=           20          20   0.0000000000000000        0.0000000000000000        0.0000000000000000     
 %fp=           21          21   0.0000000000000000        0.0000000000000000        0.0000000000000000     
 %fp=           22          22   0.0000000000000000        0.0000000000000000        0.0000000000000000     
 %fp=           23          23   0.0000000000000000        0.0000000000000000        0.0000000000000000     
 %fp=           24          24   0.0000000000000000        0.0000000000000000        0.0000000000000000     
 %fp=           25          25   0.0000000000000000        0.0000000000000000        0.0000000000000000     
 %fp=           26          26   0.0000000000000000        0.0000000000000000        0.0000000000000000     
 %fp=           27          27   0.0000000000000000        0.0000000000000000        0.0000000000000000     
 %fp=           28          28   0.0000000000000000        0.0000000000000000        0.0000000000000000     
 %fp=           29          29   0.0000000000000000        0.0000000000000000        0.0000000000000000     
 %fp=           30          30   0.0000000000000000        0.0000000000000000        0.0000000000000000     
 %fp=           31          31   0.0000000000000000        0.0000000000000000        0.0000000000000000     
 %fp=           32          32   0.0000000000000000        0.0000000000000000        0.0000000000000000     
 %ielat=            1           1           1
 %ielat=            2           2           6
 %ielat=            3           3          18
 %ielat=            4           4          21
 %ielat=            5           5          33
 %ielat=            6           6          38
 %ielat=            7           7          50
 %ielat=            8           8          53
 %ielat=            9           9           9
 %ielat=           10          10          14
 %ielat=           11          11          26
 %ielat=           12          12          29
 %ielat=           13          13          41
 %ielat=           14          14          46
 %ielat=           15          15          58
 %ielat=           16          16          61
 %ielat=           17          17           3
 %ielat=           18          18           8
 %ielat=           19          19          20
 %ielat=           20          20          23
 %ielat=           21          21          35
 %ielat=           22          22          40
 %ielat=           23          23          52
 %ielat=           24          24          55
 %ielat=           25          25          11
 %ielat=           26          26          16
 %ielat=           27          27          28
 %ielat=           28          28          31
 %ielat=           29          29          43
 %ielat=           30          30          48
 %ielat=           31          31          60
 %ielat=           32          32          63
 im =           32
 imm =         2100
 icaltabt =                     3
 ltabvois  F
 %xp=            1           1   0.0000000000000000        0.0000000000000000        0.0000000000000000     
 %xp=            2           2   1.7501006747132288E-008   2.0160765921279017E-008   5.7091374269160453E-031
 %xp=            3           3   1.7501006747132288E-008   5.4446214071361514E-031   2.0160765921279017E-008
 %xp=            4           4   1.4465719831712961E-030   2.0160765921279017E-008   2.0160765921279017E-008
 %xp=            5           5   1.4695334432216341E-030  -5.5107504120811280E-031   4.0321531842558034E-008
 %xp=            6           6   1.7501006747132288E-008   2.0160765921279017E-008   4.0321531842558034E-008
 %xp=            7           7   1.7501006747132288E-008  -6.6129004944975644E-033   6.0482297763837044E-008
 %xp=            8           8   2.9161054263929302E-030   2.0160765921279017E-008   6.0482297763837044E-008
 %xp=            9           9   1.4236105231209579E-030   4.0321531842558034E-008  -5.5107504120811280E-031
 %xp=           10          10   1.7501006747132288E-008   6.0482297763837044E-008   1.9838701483491818E-032
 %xp=           11          11   1.7501006747132288E-008   4.0321531842558034E-008   2.0160765921279017E-008
 %xp=           12          12   2.8701825062922539E-030   6.0482297763837044E-008   2.0160765921279017E-008
 %xp=           13          13   2.8931439663425922E-030   4.0321531842558034E-008   4.0321531842558034E-008
 %xp=           14          14   1.7501006747132288E-008   6.0482297763837044E-008   4.0321531842558034E-008
 %xp=           15          15   1.7501006747132288E-008   4.0321531842558034E-008   6.0482297763837044E-008
 %xp=           16          16   4.3397159495138876E-030   6.0482297763837044E-008   6.0482297763837044E-008
 %xp=           17          17   3.5002013494264575E-008   1.6399993226353431E-030   1.6929025265913218E-030
 %xp=           18          18   5.2503020241396863E-008   2.0160765921279017E-008   2.2638162692829263E-030
 %xp=           19          19   5.2503020241396863E-008   2.1844614633489583E-030   2.0160765921279017E-008
 %xp=           20          20   3.5002013494264575E-008   2.0160765921279017E-008   2.0160765921279017E-008
 %xp=           21          21   3.5002013494264575E-008   1.0889242814272303E-030   4.0321531842558034E-008
 %xp=           22          22   5.2503020241396863E-008   2.0160765921279017E-008   4.0321531842558034E-008
 %xp=           23          23   5.2503020241396863E-008   1.6333864221408457E-030   6.0482297763837044E-008
 %xp=           24          24   3.5002013494264575E-008   2.0160765921279017E-008   6.0482297763837044E-008
 %xp=           25          25   3.5002013494264575E-008   4.0321531842558034E-008   1.1418274853832091E-030
 %xp=           26          26   5.2503020241396863E-008   6.0482297763837044E-008   1.7127412280748137E-030
 %xp=           27          27   5.2503020241396863E-008   4.0321531842558034E-008   2.0160765921279017E-008
 %xp=           28          28   3.5002013494264575E-008   6.0482297763837044E-008   2.0160765921279017E-008
 %xp=           29          29   3.5002013494264575E-008   4.0321531842558034E-008   4.0321531842558034E-008
 %xp=           30          30   5.2503020241396863E-008   6.0482297763837044E-008   4.0321531842558034E-008
 %xp=           31          31   5.2503020241396863E-008   4.0321531842558034E-008   6.0482297763837044E-008
 %xp=           32          32   3.5002013494264575E-008   6.0482297763837044E-008   6.0482297763837044E-008
 %ityp=            1           1           1
 %ityp=            2           2           1
 %ityp=            3           3           1
 %ityp=            4           4           1
 %ityp=            5           5           1
 %ityp=            6           6           1
 %ityp=            7           7           1
 %ityp=            8           8           1
 %ityp=            9           9           1
 %ityp=           10          10           1
 %ityp=           11          11           1
 %ityp=           12          12           1
 %ityp=           13          13           1
 %ityp=           14          14           1
 %ityp=           15          15           1
 %ityp=           16          16           1
 %ityp=           17          17           1
 %ityp=           18          18           1
 %ityp=           19          19           1
 %ityp=           20          20           1
 %ityp=           21          21           1
 %ityp=           22          22           1
 %ityp=           23          23           1
 %ityp=           24          24           1
 %ityp=           25          25           1
 %ityp=           26          26           1
 %ityp=           27          27           1
 %ityp=           28          28           1
 %ityp=           29          29           1
 %ityp=           30          30           1
 %ityp=           31          31           1
 %ityp=           32          32           1
 %num_at_glob=            1           1
 %num_at_glob=            2           2
 %num_at_glob=            3           3
 %num_at_glob=            4           4
 %num_at_glob=            5           5
 %num_at_glob=            6           6
 %num_at_glob=            7           7
 %num_at_glob=            8           8
 %num_at_glob=            9           9
 %num_at_glob=           10          10
 %num_at_glob=           11          11
 %num_at_glob=           12          12
 %num_at_glob=           13          13
 %num_at_glob=           14          14
 %num_at_glob=           15          15
 %num_at_glob=           16          16
 %num_at_glob=           17          17
 %num_at_glob=           18          18
 %num_at_glob=           19          19
 %num_at_glob=           20          20
 %num_at_glob=           21          21
 %num_at_glob=           22          22
 %num_at_glob=           23          23
 %num_at_glob=           24          24
 %num_at_glob=           25          25
 %num_at_glob=           26          26
 %num_at_glob=           27          27
 %num_at_glob=           28          28
 %num_at_glob=           29          29
 %num_at_glob=           30          30
 %num_at_glob=           31          31
 %num_at_glob=           32          32
 %fp=            1           1  -4.0721108939250489E-019  -3.1001405869507392E-019  -3.0662592690605672E-019
 %fp=            2           2  -4.0234064994579266E-021  -2.9646153153900512E-020  -3.4770702484789029E-019
 %fp=            3           3  -1.0587911840678754E-021  -3.5490680489955184E-019  -2.4563955470374710E-020
 %fp=            4           4  -4.3346911075738820E-019  -1.9905274260476058E-020  -9.7408788934244539E-021
 %fp=            5           5  -3.0429658630110740E-019  -3.3881317890172014E-019  -1.9651164376299768E-019
 %fp=            6           6  -5.0821976835258020E-021  -7.1997800516615529E-021  -6.0986372202309624E-020
 %fp=            7           7  -6.5645053412208276E-021  -2.9307339974998792E-019   3.8857636455291028E-019
 %fp=            8           8  -2.9730856448625942E-019   1.5246593050577406E-020   5.7598240413292423E-019
 %fp=            9           9  -3.0196724569615807E-019  -1.9312351197398048E-019  -3.3203691532368573E-019
 %fp=           10          10  -4.4469229730850768E-021   3.8031779331718085E-019  -2.9984966332802232E-019
 %fp=           11          11  -2.7528570785764761E-021  -8.0044613515531382E-020   1.6940658945086007E-021
 %fp=           12          12  -3.0239076216978522E-019   5.7344130529116133E-019  -2.1811098391798234E-020
 %fp=           13          13  -1.9841746789431985E-019  -1.6686549060909717E-019  -1.4018395277058671E-019
 %fp=           14          14  -5.7174723939665273E-021   3.8285889215894375E-019  -2.7316812548951186E-020
 %fp=           15          15  -7.4115382884751280E-021  -2.0117032497289633E-020   4.0594053997162344E-019
 %fp=           16          16  -1.8550021544869177E-019   4.6777394512118736E-019   4.8429108759264622E-019
 %fp=           17          17   2.7105054312137611E-020  -2.8290900438293631E-019  -2.6935647722686751E-019
 %fp=           18          18   3.8370592510619805E-019  -2.3716922523120409E-020  -3.4389537658524594E-019
 %fp=           19          19   3.8116482626443515E-019  -3.4728350837426314E-019  -1.3552527156068805E-020
 %fp=           20          20   5.4210108624275222E-020  -8.8938459461701536E-021  -1.2281977735187355E-020
 %fp=           21          21  -1.0312626132821107E-019  -3.3838966242809299E-019  -2.3208702754767829E-019
 %fp=           22          22   4.0551702349799629E-019  -1.3129010682441655E-020  -3.6125955200395909E-019
 %fp=           23          23   4.0805812233975919E-019  -3.0027317980164947E-019   6.5729756706933706E-019
 %fp=           24          24  -8.3644503541362158E-020   0.0000000000000000        5.7598240413292423E-019
 %fp=           25          25  -1.0566736016997397E-019  -2.1853450039160949E-019  -3.2271955290388843E-019
 %fp=           26          26   4.0551702349799629E-019   6.5729756706933706E-019  -2.9709680624944584E-019
 %fp=           27          27   4.0276416641941981E-019  -3.5829493668856904E-019  -1.3552527156068805E-020
 %fp=           28          28  -7.7291756436954906E-020   5.7598240413292423E-019  -1.1223186551119479E-020
 %fp=           29          29  -2.0837010502455788E-019  -1.8168856718604742E-019  -1.7575933655526732E-019
 %fp=           30          30   3.9852900168314831E-019   6.7550877543530452E-019  -3.0027317980164947E-019
 %fp=           31          31   4.0234064994579266E-019  -3.1043757516870107E-019   6.6110921533198141E-019
 %fp=           32          32  -2.0921713797181218E-019   4.8323229640857834E-019   4.7222086809427244E-019
 %ielat=            1           1           1
 %ielat=            2           2           6
 %ielat=            3           3          18
 %ielat=            4           4          21
 %ielat=            5           5          33
 %ielat=            6           6          38
 %ielat=            7           7          50
 %ielat=            8           8          53
 %ielat=            9           9           9
 %ielat=           10          10          14
 %ielat=           11          11          26
 %ielat=           12          12          29
 %ielat=           13          13          41
 %ielat=           14          14          46
 %ielat=           15          15          58
 %ielat=           16          16          61
 %ielat=           17          17           3
 %ielat=           18          18           8
 %ielat=           19          19          20
 %ielat=           20          20          23
 %ielat=           21          21          35
 %ielat=           22          22          40
 %ielat=           23          23          52
 %ielat=           24          24          55
 %ielat=           25          25          11
 %ielat=           26          26          16
 %ielat=           27          27          28
 %ielat=           28          28          31
 %ielat=           29          29          43
 %ielat=           30          30          48
 %ielat=           31          31          60
 %ielat=           32          32          63
 im =           32
 imm =         2100
 icaltabt =                     4
 ltabvois  F
 %xp=            1           1   0.0000000000000000        0.0000000000000000        0.0000000000000000     
 %xp=            2           2   1.7500300797942922E-008   2.0160228843507748E-008   8.0640915374030992E-008
 %xp=            3           3   1.7500300797942922E-008   1.6267549881453320E-031   2.0160228843507748E-008
 %xp=            4           4   4.3220970079772253E-031   2.0160228843507748E-008   2.0160228843507748E-008
 %xp=            5           5   1.2897686309519338E-030   8.0640915374030992E-008   4.0320457687015496E-008
 %xp=            6           6   1.7500300797942922E-008   2.0160228843507748E-008   4.0320457687015496E-008
 %xp=            7           7   1.7500300797942922E-008  -1.9758157750752932E-033   6.0480686530523241E-008
 %xp=            8           8   8.7127987303667881E-031   2.0160228843507748E-008   6.0480686530523241E-008
 %xp=            9           9   7.0001203191771688E-008   4.0320457687015496E-008   8.0640915374030992E-008
 %xp=           10          10   1.7500300797942922E-008   6.0480686530523241E-008   8.0640915374030992E-008
 %xp=           11          11   1.7500300797942922E-008   4.0320457687015496E-008   2.0160228843507748E-008
 %xp=           12          12   8.5755893015421131E-031   6.0480686530523241E-008   2.0160228843507748E-008
 %xp=           13          13   8.6441940159544506E-031   4.0320457687015496E-008   4.0320457687015496E-008
 %xp=           14          14   1.7500300797942922E-008   6.0480686530523241E-008   4.0320457687015496E-008
 %xp=           15          15   1.7500300797942922E-008   4.0320457687015496E-008   6.0480686530523241E-008
 %xp=           16          16   1.2966291023931674E-030   6.0480686530523241E-008   6.0480686530523241E-008
 %xp=           17          17   3.5000601595885844E-008   4.9000231221867499E-031   5.0580883841927725E-031
 %xp=           18          18   5.2500902393828773E-008   2.0160228843507748E-008   6.7638760033411171E-031
 %xp=           19          19   5.2500902393828773E-008   6.5267781103320872E-031   2.0160228843507748E-008
 %xp=           20          20   3.5000601595885844E-008   2.0160228843507748E-008   2.0160228843507748E-008
 %xp=           21          21   3.5000601595885844E-008   3.2535099762906640E-031   4.0320457687015496E-008
 %xp=           22          22   5.2500902393828773E-008   2.0160228843507748E-008   4.0320457687015496E-008
 %xp=           23          23   5.2500902393828773E-008   4.8802649644360022E-031   6.0480686530523241E-008
 %xp=           24          24   3.5000601595885844E-008   2.0160228843507748E-008   6.0480686530523241E-008
 %xp=           25          25   3.5000601595885844E-008   4.0320457687015496E-008   8.0640915374030992E-008
 %xp=           26          26   5.2500902393828773E-008   6.0480686530523241E-008   5.1173628574450295E-031
 %xp=           27          27   5.2500902393828773E-008   4.0320457687015496E-008   2.0160228843507748E-008
 %xp=           28          28   3.5000601595885844E-008   6.0480686530523241E-008   2.0160228843507748E-008
 %xp=           29          29   3.5000601595885844E-008   4.0320457687015496E-008   4.0320457687015496E-008
 %xp=           30          30   5.2500902393828773E-008   6.0480686530523241E-008   4.0320457687015496E-008
 %xp=           31          31   5.2500902393828773E-008   4.0320457687015496E-008   6.0480686530523241E-008
 %xp=           32          32   3.5000601595885844E-008   6.0480686530523241E-008   6.0480686530523241E-008
 %ityp=            1           1           1
 %ityp=            2           2           1
 %ityp=            3           3           1
 %ityp=            4           4           1
 %ityp=            5           5           1
 %ityp=            6           6           1
 %ityp=            7           7           1
 %ityp=            8           8           1
 %ityp=            9           9           1
 %ityp=           10          10           1
 %ityp=           11          11           1
 %ityp=           12          12           1
 %ityp=           13          13           1
 %ityp=           14          14           1
 %ityp=           15          15           1
 %ityp=           16          16           1
 %ityp=           17          17           1
 %ityp=           18          18           1
 %ityp=           19          19           1
 %ityp=           20          20           1
 %ityp=           21          21           1
 %ityp=           22          22           1
 %ityp=           23          23           1
 %ityp=           24          24           1
 %ityp=           25          25           1
 %ityp=           26          26           1
 %ityp=           27          27           1
 %ityp=           28          28           1
 %ityp=           29          29           1
 %ityp=           30          30           1
 %ityp=           31          31           1
 %ityp=           32          32           1
 %num_at_glob=            1           1
 %num_at_glob=            2           2
 %num_at_glob=            3           3
 %num_at_glob=            4           4
 %num_at_glob=            5           5
 %num_at_glob=            6           6
 %num_at_glob=            7           7
 %num_at_glob=            8           8
 %num_at_glob=            9           9
 %num_at_glob=           10          10
 %num_at_glob=           11          11
 %num_at_glob=           12          12
 %num_at_glob=           13          13
 %num_at_glob=           14          14
 %num_at_glob=           15          15
 %num_at_glob=           16          16
 %num_at_glob=           17          17
 %num_at_glob=           18          18
 %num_at_glob=           19          19
 %num_at_glob=           20          20
 %num_at_glob=           21          21
 %num_at_glob=           22          22
 %num_at_glob=           23          23
 %num_at_glob=           24          24
 %num_at_glob=           25          25
 %num_at_glob=           26          26
 %num_at_glob=           27          27
 %num_at_glob=           28          28
 %num_at_glob=           29          29
 %num_at_glob=           30          30
 %num_at_glob=           31          31
 %num_at_glob=           32          32
 %fp=            1           1   3.9598561213667128E-005  -4.3773624014204420E-005  -8.9786553036826319E-005
 %fp=            2           2  -2.2815649953410866E-005   4.6571922260657043E-005   0.0000000000000000     
 %fp=            3           3  -4.5296900426597420E-005  -1.0880165384261742E-004   7.3103912552028769E-005
 %fp=            4           4   4.8421951567333023E-005   7.8088837325155252E-006  -3.9994487414837939E-005
 %fp=            5           5   0.0000000000000000        0.0000000000000000        0.0000000000000000     
 %fp=            6           6  -5.3757980431607842E-005  -4.4369496762419192E-005   1.4750834281656464E-005
 %fp=            7           7  -4.3136485836613400E-005  -8.5554347370003965E-005   4.9271823624629622E-006
 %fp=            8           8   1.6798847655226044E-007   8.8251478298887292E-006   7.1553352165890468E-005
 %fp=            9           9   0.0000000000000000        0.0000000000000000        0.0000000000000000     
 %fp=           10          10  -2.2815649953411110E-005  -4.6571922260656779E-005   0.0000000000000000     
 %fp=           11          11  -2.3323644278401454E-007   2.0182245769210844E-005  -9.1342241604204844E-005
 %fp=           12          12   3.7114668548943430E-005   7.0098442292414789E-005  -2.6443794038793929E-005
 %fp=           13          13   3.3934508454432948E-006   2.3609373642915379E-005   1.4267200203991207E-005
 %fp=           14          14  -7.1129253657547620E-008   9.2283365195155174E-005   4.2717803053048645E-006
 %fp=           15          15  -1.8174613434025194E-006   1.6011269800198180E-005   9.2224258938599705E-005
 %fp=           16          16   1.2193244234486120E-007   6.0733531044402330E-005   5.8263624396469148E-005
 %fp=           17          17  -3.9598561213666471E-005  -4.4056881576129350E-005  -9.0069810598751229E-005
 %fp=           18          18   1.6814907031258475E-007   1.2474265778524845E-004  -1.0542248278808893E-004
 %fp=           19          19   4.6578666667084689E-005  -1.1193796773846397E-004   6.8084441011933658E-005
 %fp=           20          20  -4.8596142518831724E-005   1.8491756036381584E-005  -5.4397789913982817E-005
 %fp=           21          21  -1.2817662404877229E-006  -1.3659575106931694E-004   1.4788573257561973E-005
 %fp=           22          22   5.3757980431606920E-005  -4.7926760752285326E-005   2.2626528097658085E-005
 %fp=           23          23   4.3136485836612994E-005  -8.5554347370004033E-005   6.9696390191050841E-006
 %fp=           24          24  -1.6798847655139647E-007   8.8953859587343383E-006   8.8990452654548908E-005
 %fp=           25          25   4.5631299906821962E-005  -2.6427427954334171E-019   0.0000000000000000     
 %fp=           26          26   6.0418811864287891E-009  -4.5121084470698438E-005  -7.7629169159602678E-005
 %fp=           27          27   2.3323644278320250E-007   2.7068304743655125E-005  -1.1067417199310843E-004
 %fp=           28          28  -3.7114668548942563E-005   7.0366382870907759E-005  -2.6443794038793922E-005
 %fp=           29          29  -3.3934508454422860E-006   2.6944079895787816E-005   1.1499009074969152E-005
 %fp=           30          30   7.1129253656825948E-008   9.7999844098088879E-005   9.9882592082386812E-006
 %fp=           31          31   1.8174613434017825E-006   1.6011269800198306E-005   9.7631622660103044E-005
 %fp=           32          32  -1.2193244234446479E-007   6.3619974470439903E-005   5.8263624396468863E-005
 %ielat=            1           1           1
 %ielat=            2           2           6
 %ielat=            3           3          18
 %ielat=            4           4          21
 %ielat=            5           5          33
 %ielat=            6           6          38
 %ielat=            7           7          34
 %ielat=            8           8          37
 %ielat=            9           9           9
 %ielat=           10          10          10
 %ielat=           11          11          26
 %ielat=           12          12          25
 %ielat=           13          13          41
 %ielat=           14          14          42
 %ielat=           15          15          42
 %ielat=           16          16          41
 %ielat=           17          17           3
 %ielat=           18          18           8
 %ielat=           19          19          20
 %ielat=           20          20          23
 %ielat=           21          21          35
 %ielat=           22          22          40
 %ielat=           23          23          36
 %ielat=           24          24          39
 %ielat=           25          25          11
 %ielat=           26          26          12
 %ielat=           27          27          28
 %ielat=           28          28          27
 %ielat=           29          29          43
 %ielat=           30          30          44
 %ielat=           31          31          44
 %ielat=           32          32          43
 im =           32
 imm =         2100
 icaltabt =                     5
 ltabvois  F
 %xp=            1           1   0.0000000000000000        0.0000000000000000        0.0000000000000000     
 %xp=            2           2   1.7500093773863867E-008   2.0160071342043550E-008   5.3177988664321333E-032
 %xp=            3           3   1.7500093773863867E-008   8.0640285368174201E-008   2.0160071342043550E-008
 %xp=            4           4   1.3474152533189559E-031   2.0160071342043550E-008   2.0160071342043550E-008
 %xp=            5           5   1.3688027970224315E-031  -5.1330104888341178E-032   4.0320142684087100E-008
 %xp=            6           6   1.7500093773863867E-008   2.0160071342043550E-008   4.0320142684087100E-008
 %xp=            7           7   1.7500093773863867E-008  -6.1596125866008087E-034   6.0480214026130640E-008
 %xp=            8           8   2.7162180503413894E-031   2.0160071342043550E-008   6.0480214026130640E-008
 %xp=            9           9   7.0000375095455467E-008   4.0320142684087100E-008   2.6404205954562648E-031
 %xp=           10          10   1.7500093773863867E-008   6.0480214026130640E-008   1.8478837759802707E-033
 %xp=           11          11   1.7500093773863867E-008   4.0320142684087100E-008   2.0160071342043550E-008
 %xp=           12          12   2.6734429629344342E-031   6.0480214026130640E-008   2.0160071342043550E-008
 %xp=           13          13   2.6948305066379118E-031   4.0320142684087100E-008   4.0320142684087100E-008
 %xp=           14          14   1.7500093773863867E-008   6.0480214026130640E-008   4.0320142684087100E-008
 %xp=           15          15   1.7500093773863867E-008   4.0320142684087100E-008   6.0480214026130640E-008
 %xp=           16          16   4.0422457599568668E-031   6.0480214026130640E-008   6.0480214026130640E-008
 %xp=           17          17   3.5000187547727733E-008   5.0098182371020787E-032   8.0640285368174201E-008
 %xp=           18          18   5.2500281321591610E-008   2.0160071342043550E-008   2.1086407088130510E-031
 %xp=           19          19   5.2500281321591610E-008   2.0347253577738439E-031   2.0160071342043550E-008
 %xp=           20          20   3.5000187547727733E-008   2.0160071342043550E-008   2.0160071342043550E-008
 %xp=           21          21   3.5000187547727733E-008   8.0640285368174201E-008   4.0320142684087100E-008
 %xp=           22          22   5.2500281321591610E-008   2.0160071342043550E-008   4.0320142684087100E-008
 %xp=           23          23   5.2500281321591610E-008   1.5214243088904351E-031   6.0480214026130640E-008
 %xp=           24          24   3.5000187547727733E-008   2.0160071342043550E-008   6.0480214026130640E-008
 %xp=           25          25   3.5000187547727733E-008   4.0320142684087100E-008   1.0635597732864267E-031
 %xp=           26          26   5.2500281321591610E-008   6.0480214026130640E-008   8.0640285368174201E-008
 %xp=           27          27   5.2500281321591610E-008   4.0320142684087100E-008   2.0160071342043550E-008
 %xp=           28          28   3.5000187547727733E-008   6.0480214026130640E-008   2.0160071342043550E-008
 %xp=           29          29   3.5000187547727733E-008   4.0320142684087100E-008   4.0320142684087100E-008
 %xp=           30          30   5.2500281321591610E-008   6.0480214026130640E-008   4.0320142684087100E-008
 %xp=           31          31   5.2500281321591610E-008   4.0320142684087100E-008   6.0480214026130640E-008
 %xp=           32          32   3.5000187547727733E-008   6.0480214026130640E-008   6.0480214026130640E-008
 %ityp=            1           1           1
 %ityp=            2           2           1
 %ityp=            3           3           1
 %ityp=            4           4           1
 %ityp=            5           5           1
 %ityp=            6           6           1
 %ityp=            7           7           1
 %ityp=            8           8           1
 %ityp=            9           9           1
 %ityp=           10          10           1
 %ityp=           11          11           1
 %ityp=           12          12           1
 %ityp=           13          13           1
 %ityp=           14          14           1
 %ityp=           15          15           1
 %ityp=           16          16           1
 %ityp=           17          17           1
 %ityp=           18          18           1
 %ityp=           19          19           1
 %ityp=           20          20           1
 %ityp=           21          21           1
 %ityp=           22          22           1
 %ityp=           23          23           1
 %ityp=           24          24           1
 %ityp=           25          25           1
 %ityp=           26          26           1
 %ityp=           27          27           1
 %ityp=           28          28           1
 %ityp=           29          29           1
 %ityp=           30          30           1
 %ityp=           31          31           1
 %ityp=           32          32           1
 %num_at_glob=            1           1
 %num_at_glob=            2           2
 %num_at_glob=            3           3
 %num_at_glob=            4           4
 %num_at_glob=            5           5
 %num_at_glob=            6           6
 %num_at_glob=            7           7
 %num_at_glob=            8           8
 %num_at_glob=            9           9
 %num_at_glob=           10          10
 %num_at_glob=           11          11
 %num_at_glob=           12          12
 %num_at_glob=           13          13
 %num_at_glob=           14          14
 %num_at_glob=           15          15
 %num_at_glob=           16          16
 %num_at_glob=           17          17
 %num_at_glob=           18          18
 %num_at_glob=           19          19
 %num_at_glob=           20          20
 %num_at_glob=           21          21
 %num_at_glob=           22          22
 %num_at_glob=           23          23
 %num_at_glob=           24          24
 %num_at_glob=           25          25
 %num_at_glob=           26          26
 %num_at_glob=           27          27
 %num_at_glob=           28          28
 %num_at_glob=           29          29
 %num_at_glob=           30          30
 %num_at_glob=           31          31
 %num_at_glob=           32          32
 %fp=            1           1  -3.2545018218285253E-005  -3.7955965801419184E-005   8.6779445211761138E-006
 %fp=            2           2   3.5842170015598578E-005  -2.2299543890522302E-005  -1.0570834793434060E-004
 %fp=            3           3   2.5643983240106817E-006   0.0000000000000000        2.9541696257038088E-006
 %fp=            4           4  -7.8989958095245297E-005  -2.7313945454086451E-005   3.4137285191853669E-005
 %fp=            5           5  -6.2843644701329236E-005  -2.2598485040745947E-005  -3.4838809832502247E-005
 %fp=            6           6   3.2158124886969736E-005  -6.2226881526117426E-005   1.5447889640234913E-005
 %fp=            7           7   3.0858301380708735E-005  -8.0031285190239500E-005   1.6931091538688746E-005
 %fp=            8           8  -6.6898584939784457E-005   3.1970039515504442E-005   3.1631946998459936E-006
 %fp=            9           9  -4.9312082548770003E-005   5.4022090043731456E-005  -1.1041068967434608E-004
 %fp=           10          10  -3.3824899217276906E-006   6.2113730252824823E-005  -9.1160858706059670E-005
 %fp=           11          11  -1.2526674841011009E-005   1.6522349798777741E-005   1.1815791743515994E-005
 %fp=           12          12  -5.7405813207975083E-005  -2.1748707008269326E-006   3.2343086720744706E-005
 %fp=           13          13  -1.5704402577575413E-004   1.4768926146488185E-005   1.6767136132356334E-005
 %fp=           14          14  -1.1922870133545483E-005   9.5137159798494607E-005   1.5825083235096734E-005
 %fp=           15          15  -1.2314427659758027E-005   1.3725531630990290E-005   9.5008623195860553E-005
 %fp=           16          16  -4.0131150063276122E-006  -1.1114591393850907E-005  -1.0879668482923774E-005
 %fp=           17          17   0.0000000000000000        0.0000000000000000        0.0000000000000000     
 %fp=           18          18   4.1849174174991079E-005  -9.4674164384546972E-005  -3.0177970710562664E-005
 %fp=           19          19   4.0176822407587177E-005  -2.3049517436700186E-005   2.9337293211776911E-005
 %fp=           20          20  -9.4044853822884637E-005  -6.6798183114483232E-005   3.8452569019422784E-005
 %fp=           21          21  -2.5643983240106817E-006   0.0000000000000000       -2.9541696257038088E-006
 %fp=           22          22   1.3820188926931103E-004  -2.9801299800234109E-005   7.9109131456574082E-006
 %fp=           23          23   3.9276626051835937E-005  -4.0770923058130234E-005  -3.8923077207970716E-005
 %fp=           24          24  -5.0224112195253006E-005   2.5476752366239162E-005   6.5879564105390665E-005
 %fp=           25          25   3.3115190154938268E-005   5.6522914777114672E-005  -1.1438162733747944E-004
 %fp=           26          26   0.0000000000000000        0.0000000000000000        0.0000000000000000     
 %fp=           27          27   1.4329711282227284E-004   6.2504388240792761E-006   7.9029095809219491E-005
 %fp=           28          28  -1.3310648061153590E-006   6.3352055338925973E-005  -1.9940471663615678E-005
 %fp=           29          29  -2.6391890562328985E-005   1.9641160931335692E-005   2.2267043971572472E-005
 %fp=           30          30   1.2219776040250824E-004   3.1808124546525387E-006   1.1378913522806095E-005
 %fp=           31          31   1.2244547703508369E-004   8.8318288264991057E-006   3.0063356175835204E-006
 %fp=           32          32  -5.8228022165710096E-005   4.9293866086245355E-005   4.9042666526997761E-005
 %ielat=            1           1           1
 %ielat=            2           2           5
 %ielat=            3           3          17
 %ielat=            4           4          21
 %ielat=            5           5          33
 %ielat=            6           6          37
 %ielat=            7           7          33
 %ielat=            8           8          37
 %ielat=            9           9          12
 %ielat=           10          10           9
 %ielat=           11          11          25
 %ielat=           12          12          25
 %ielat=           13          13          41
 %ielat=           14          14          41
 %ielat=           15          15          41
 %ielat=           16          16          41
 %ielat=           17          17           2
 %ielat=           18          18           7
 %ielat=           19          19          19
 %ielat=           20          20          22
 %ielat=           21          21          34
 %ielat=           22          22          39
 %ielat=           23          23          35
 %ielat=           24          24          38
 %ielat=           25          25          10
 %ielat=           26          26          11
 %ielat=           27          27          27
 %ielat=           28          28          26
 %ielat=           29          29          42
 %ielat=           30          30          43
 %ielat=           31          31          43
 %ielat=           32          32          42
 im =           32
 imm =         2100
 icaltabt =                     6
 ltabvois  F
 %xp=            1           1   0.0000000000000000        0.0000000000000000        0.0000000000000000     
 %xp=            2           2   1.7500026324513883E-008   2.0160020027377971E-008   8.0640080109511896E-008
 %xp=            3           3   1.7500026324513883E-008   8.0640080109511882E-008   2.0160020027377971E-008
 %xp=            4           4   3.7825093349243879E-032   2.0160020027377971E-008   2.0160020027377971E-008
 %xp=            5           5   1.1287488174060062E-031   8.0640080109511896E-008   4.0320040054755941E-008
 %xp=            6           6   1.7500026324513883E-008   2.0160020027377971E-008   4.0320040054755941E-008
 %xp=            7           7   1.7500026324513883E-008  -1.7291471245365839E-034   6.0480060082133902E-008
 %xp=            8           8   7.6250585005618833E-032   2.0160020027377971E-008   6.0480060082133902E-008
 %xp=            9           9   7.0000105298055530E-008   4.0320040054755941E-008   8.0640080109511896E-008
 %xp=           10          10   1.7500026324513883E-008   6.0480060082133902E-008   5.1874413736106111E-034
 %xp=           11          11   1.7500026324513883E-008   4.0320040054755941E-008   2.0160020027377971E-008
 %xp=           12          12   7.5049788391356760E-032   6.0480060082133902E-008   2.0160020027377971E-008
 %xp=           13          13   7.5650186698487758E-032   4.0320040054755941E-008   4.0320040054755941E-008
 %xp=           14          14   1.7500026324513883E-008   6.0480060082133902E-008   4.0320040054755941E-008
 %xp=           15          15   1.7500026324513883E-008   4.0320040054755941E-008   6.0480060082133902E-008
 %xp=           16          16   1.1347528004773159E-031   6.0480060082133902E-008   6.0480060082133902E-008
 %xp=           17          17   3.5000052649027765E-008   8.0640080109511896E-008   8.0640080109511882E-008
 %xp=           18          18   5.2500078973541651E-008   2.0160020027377971E-008   8.0640080109511896E-008
 %xp=           19          19   5.2500078973541651E-008   5.7119493347201051E-032   2.0160020027377971E-008
 %xp=           20          20   3.5000052649027765E-008   2.0160020027377971E-008   2.0160020027377971E-008
 %xp=           21          21   3.5000052649027765E-008   8.0640080109511882E-008   4.0320040054755941E-008
 %xp=           22          22   5.2500078973541651E-008   2.0160020027377971E-008   4.0320040054755941E-008
 %xp=           23          23   5.2500078973541651E-008   4.2709933976060808E-032   6.0480060082133902E-008
 %xp=           24          24   3.5000052649027765E-008   2.0160020027377971E-008   6.0480060082133902E-008
 %xp=           25          25   3.5000052649027765E-008   4.0320040054755941E-008   8.0640080109511896E-008
 %xp=           26          26   5.2500078973541651E-008   6.0480060082133902E-008   8.0640080109511882E-008
 %xp=           27          27   5.2500078973541651E-008   4.0320040054755941E-008   2.0160020027377971E-008
 %xp=           28          28   3.5000052649027765E-008   6.0480060082133902E-008   2.0160020027377971E-008
 %xp=           29          29   3.5000052649027765E-008   4.0320040054755941E-008   4.0320040054755941E-008
 %xp=           30          30   5.2500078973541651E-008   6.0480060082133902E-008   4.0320040054755941E-008
 %xp=           31          31   5.2500078973541651E-008   4.0320040054755941E-008   6.0480060082133902E-008
 %xp=           32          32   3.5000052649027765E-008   6.0480060082133902E-008   6.0480060082133902E-008
 %ityp=            1           1           1
 %ityp=            2           2           1
 %ityp=            3           3           1
 %ityp=            4           4           1
 %ityp=            5           5           1
 %ityp=            6           6           1
 %ityp=            7           7           1
 %ityp=            8           8           1
 %ityp=            9           9           1
 %ityp=           10          10           1
 %ityp=           11          11           1
 %ityp=           12          12           1
 %ityp=           13          13           1
 %ityp=           14          14           1
 %ityp=           15          15           1
 %ityp=           16          16           1
 %ityp=           17          17           1
 %ityp=           18          18           1
 %ityp=           19          19           1
 %ityp=           20          20           1
 %ityp=           21          21           1
 %ityp=           22          22           1
 %ityp=           23          23           1
 %ityp=           24          24           1
 %ityp=           25          25           1
 %ityp=           26          26           1
 %ityp=           27          27           1
 %ityp=           28          28           1
 %ityp=           29          29           1
 %ityp=           30          30           1
 %ityp=           31          31           1
 %ityp=           32          32           1
 %num_at_glob=            1           1
 %num_at_glob=            2           2
 %num_at_glob=            3           3
 %num_at_glob=            4           4
 %num_at_glob=            5           5
 %num_at_glob=            6           6
 %num_at_glob=            7           7
 %num_at_glob=            8           8
 %num_at_glob=            9           9
 %num_at_glob=           10          10
 %num_at_glob=           11          11
 %num_at_glob=           12          12
 %num_at_glob=           13          13
 %num_at_glob=           14          14
 %num_at_glob=           15          15
 %num_at_glob=           16          16
 %num_at_glob=           17          17
 %num_at_glob=           18          18
 %num_at_glob=           19          19
 %num_at_glob=           20          20
 %num_at_glob=           21          21
 %num_at_glob=           22          22
 %num_at_glob=           23          23
 %num_at_glob=           24          24
 %num_at_glob=           25          25
 %num_at_glob=           26          26
 %num_at_glob=           27          27
 %num_at_glob=           28          28
 %num_at_glob=           29          29
 %num_at_glob=           30          30
 %num_at_glob=           31          31
 %num_at_glob=           32          32
 %fp=            1           1  -3.0488134116303129E-005  -8.6894552526702693E-006  -2.6343092665539662E-006
 %fp=            2           2  -2.3328149040649293E-005  -2.2593733476970237E-005  -1.3704210917318773E-005
 %fp=            3           3  -2.6465333372626178E-005  -1.4852375465215730E-005  -1.8510015848958201E-005
 %fp=            4           4  -1.6865911432247888E-004  -1.9868372180760789E-005  -6.9652052346218204E-006
 %fp=            5           5  -1.5974791671118834E-004  -1.4737633856281510E-005  -1.1795205187782114E-005
 %fp=            6           6  -2.4521197186740401E-005  -1.4368059921699479E-005   2.4425874826282412E-006
 %fp=            7           7  -6.2711012126826280E-005  -8.9003528201261621E-005   5.5150087223387169E-005
 %fp=            8           8  -1.5109223396882313E-004  -1.7568694530500117E-005  -1.3978214463716667E-006
 %fp=            9           9  -1.2726358086906321E-005  -2.3501760062952454E-005  -1.4408055250114352E-005
 %fp=           10          10  -5.7729088812230467E-005   5.9380608299404565E-005  -8.7561756757353651E-005
 %fp=           11          11  -1.9390667998472874E-005   3.5907520305273206E-006  -1.0284342293686659E-005
 %fp=           12          12  -1.4926486255887757E-004   1.1505345499766454E-005  -4.6655275843615583E-006
 %fp=           13          13  -1.5858305198040087E-004   3.6364855901403333E-006   3.5271405963860098E-006
 %fp=           14          14  -2.1303635770224013E-005   1.8390501828188825E-005   2.3867816238801291E-005
 %fp=           15          15  -1.8166451438246186E-005   2.5015980786700065E-005   1.4306784200177004E-005
 %fp=           16          16  -3.5883531310764131E-005   6.1509190277138104E-005   4.8606023330999542E-005
 %fp=           17          17  -4.4300076151874878E-005  -1.6540013535786676E-005  -9.1763016805765549E-006
 %fp=           18          18   1.6541955659896783E-004  -8.5903380654152209E-005  -4.4832142679316082E-008
 %fp=           19          19   1.4153323993756008E-004  -9.3012464694215301E-006  -1.5451764299010719E-006
 %fp=           20          20  -1.8463196188107802E-005  -1.2189508020407647E-005   5.7594949925744198E-006
 %fp=           21          21  -3.0871146964118741E-005  -1.4818909558528522E-005  -8.8355739204854896E-006
 %fp=           22          22   2.1106927723970836E-004  -2.3108103402200867E-005   4.4832142677530537E-008
 %fp=           23          23   1.4149432307622410E-004  -9.2564143267432711E-006   1.5451764299018269E-006
 %fp=           24          24  -2.0608265465099965E-005  -1.3648645094060462E-005  -1.0367976520918204E-005
 %fp=           25          25  -2.3531870492372509E-005  -2.3641758211621945E-005  -8.4958088385235622E-006
 %fp=           26          26   1.5187820699581143E-004   7.0858671795725743E-005  -1.2411513055286925E-006
 %fp=           27          27   1.6587646257715729E-004   1.0221451689061909E-006   6.9837935445039073E-005
 %fp=           28          28   3.1132279158625130E-005   6.2530999850862545E-005   3.3855564522102093E-006
 %fp=           29          29  -2.8371316211365323E-005  -1.7938861085490221E-005  -2.2548780775068097E-006
 %fp=           30          30   1.9762159058727332E-004   7.0028549607539216E-006   1.2411513055281114E-006
 %fp=           31          31   1.6476015546923982E-004   2.2184643317564135E-006  -6.9837935445036755E-005
 %fp=           32          32  -8.4578481365870289E-005   1.2486845288685512E-004   5.4011498307968790E-005
 %ielat=            1           1           1
 %ielat=            2           2          49
 %ielat=            3           3          13
 %ielat=            4           4           1
 %ielat=            5           5          29
 %ielat=            6           6          17
 %ielat=            7           7          33
 %ielat=            8           8          33
 %ielat=            9           9          56
 %ielat=           10          10           9
 %ielat=           11          11           5
 %ielat=           12          12           9
 %ielat=           13          13          21
 %ielat=           14          14          25
 %ielat=           15          15          37
 %ielat=           16          16          41
 %ielat=           17          17          62
 %ielat=           18          18          51
 %ielat=           19          19           3
 %ielat=           20          20           2
 %ielat=           21          21          30
 %ielat=           22          22          19
 %ielat=           23          23          35
 %ielat=           24          24          34
 %ielat=           25          25          54
 %ielat=           26          26          59
 %ielat=           27          27           7
 %ielat=           28          28          10
 %ielat=           29          29          22
 %ielat=           30          30          27
 %ielat=           31          31          39
 %ielat=           32          32          42
 im =           32
 imm =         2100
 icaltabt =                     7
 ltabvois  F
 %xp=            1           1   0.0000000000000000        0.0000000000000000        0.0000000000000000     
 %xp=            2           2   1.7500007389824908E-008   2.0160005622091147E-008   8.0640022488364614E-008
 %xp=            3           3   1.7500007389824908E-008   8.0640022488364588E-008   2.0160005622091147E-008
 %xp=            4           4   1.0618270800867798E-032   2.0160005622091147E-008   2.0160005622091147E-008
 %xp=            5           5   3.1686268421637022E-032   8.0640022488364614E-008   4.0320011244182294E-008
 %xp=            6           6   1.7500007389824908E-008   2.0160005622091147E-008   4.0320011244182294E-008
 %xp=            7           7   1.7500007389824908E-008  -4.8540666518234459E-035   6.0480016866273434E-008
 %xp=            8           8   2.1405085582701966E-032   2.0160005622091147E-008   6.0480016866273434E-008
 %xp=            9           9   7.0000029559299631E-008   4.0320011244182294E-008   8.0640022488364614E-008
 %xp=           10          10   1.7500007389824908E-008   6.0480016866273434E-008   1.4562199955476504E-034
 %xp=           11          11   1.7500007389824908E-008   4.0320011244182294E-008   2.0160005622091147E-008
 %xp=           12          12   2.1067997620769273E-032   6.0480016866273434E-008   2.0160005622091147E-008
 %xp=           13          13   2.1236541601735595E-032   4.0320011244182294E-008   4.0320011244182294E-008
 %xp=           14          14   1.7500007389824908E-008   6.0480016866273434E-008   4.0320011244182294E-008
 %xp=           15          15   1.7500007389824908E-008   4.0320011244182294E-008   6.0480016866273434E-008
 %xp=           16          16   3.1854812402603341E-032   6.0480016866273434E-008   6.0480016866273434E-008
 %xp=           17          17   3.5000014779649816E-008   8.0640022488364614E-008   8.0640022488364588E-008
 %xp=           18          18   5.2500022169474730E-008   2.0160005622091147E-008   8.0640022488364614E-008
 %xp=           19          19   5.2500022169474730E-008   1.6034600173196144E-032   2.0160005622091147E-008
 %xp=           20          20   3.5000014779649816E-008   2.0160005622091147E-008   2.0160005622091147E-008
 %xp=           21          21   3.5000014779649816E-008   8.0640022488364588E-008   4.0320011244182294E-008
 %xp=           22          22   5.2500022169474730E-008   2.0160005622091147E-008   4.0320011244182294E-008
 %xp=           23          23   5.2500022169474730E-008   1.1989544630008704E-032   6.0480016866273434E-008
 %xp=           24          24   3.5000014779649816E-008   2.0160005622091147E-008   6.0480016866273434E-008
 %xp=           25          25   3.5000014779649816E-008   4.0320011244182294E-008   8.0640022488364614E-008
 %xp=           26          26   5.2500022169474730E-008   6.0480016866273434E-008   8.0640022488364588E-008
 %xp=           27          27   5.2500022169474730E-008   4.0320011244182294E-008   2.0160005622091147E-008
 %xp=           28          28   3.5000014779649816E-008   6.0480016866273434E-008   2.0160005622091147E-008
 %xp=           29          29   3.5000014779649816E-008   4.0320011244182294E-008   4.0320011244182294E-008
 %xp=           30          30   5.2500022169474730E-008   6.0480016866273434E-008   4.0320011244182294E-008
 %xp=           31          31   5.2500022169474730E-008   4.0320011244182294E-008   6.0480016866273434E-008
 %xp=           32          32   3.5000014779649816E-008   6.0480016866273434E-008   6.0480016866273434E-008
 %ityp=            1           1           1
 %ityp=            2           2           1
 %ityp=            3           3           1
 %ityp=            4           4           1
 %ityp=            5           5           1
 %ityp=            6           6           1
 %ityp=            7           7           1
 %ityp=            8           8           1
 %ityp=            9           9           1
 %ityp=           10          10           1
 %ityp=           11          11           1
 %ityp=           12          12           1
 %ityp=           13          13           1
 %ityp=           14          14           1
 %ityp=           15          15           1
 %ityp=           16          16           1
 %ityp=           17          17           1
 %ityp=           18          18           1
 %ityp=           19          19           1
 %ityp=           20          20           1
 %ityp=           21          21           1
 %ityp=           22          22           1
 %ityp=           23          23           1
 %ityp=           24          24           1
 %ityp=           25          25           1
 %ityp=           26          26           1
 %ityp=           27          27           1
 %ityp=           28          28           1
 %ityp=           29          29           1
 %ityp=           30          30           1
 %ityp=           31          31           1
 %ityp=           32          32           1
 %num_at_glob=            1           1
 %num_at_glob=            2           2
 %num_at_glob=            3           3
 %num_at_glob=            4           4
 %num_at_glob=            5           5
 %num_at_glob=            6           6
 %num_at_glob=            7           7
 %num_at_glob=            8           8
 %num_at_glob=            9           9
 %num_at_glob=           10          10
 %num_at_glob=           11          11
 %num_at_glob=           12          12
 %num_at_glob=           13          13
 %num_at_glob=           14          14
 %num_at_glob=           15          15
 %num_at_glob=           16          16
 %num_at_glob=           17          17
 %num_at_glob=           18          18
 %num_at_glob=           19          19
 %num_at_glob=           20          20
 %num_at_glob=           21          21
 %num_at_glob=           22          22
 %num_at_glob=           23          23
 %num_at_glob=           24          24
 %num_at_glob=           25          25
 %num_at_glob=           26          26
 %num_at_glob=           27          27
 %num_at_glob=           28          28
 %num_at_glob=           29          29
 %num_at_glob=           30          30
 %num_at_glob=           31          31
 %num_at_glob=           32          32
 %fp=            1           1  -3.0493905497705850E-005  -8.6938090137288516E-006  -2.6385799033485779E-006
 %fp=            2           2  -2.3328034387473816E-005  -2.2593727612511582E-005  -1.3704309479937543E-005
 %fp=            3           3  -2.6465133363644216E-005  -1.4852451179100300E-005  -1.8510118782711878E-005
 %fp=            4           4  -1.6867204155786105E-004  -1.9868326931303410E-005  -6.9654967544415722E-006
 %fp=            5           5  -1.5976104319764578E-004  -1.4737749694729529E-005  -1.1795655621264958E-005
 %fp=            6           6  -2.4520912165564099E-005  -1.4368034103469030E-005   2.4426586726816662E-006
 %fp=            7           7  -6.2713719089936448E-005  -8.9012368849076723E-005   5.5153537885060919E-005
 %fp=            8           8  -1.5110466892731889E-004  -1.7569867287735302E-005  -1.3963079570246390E-006
 %fp=            9           9  -1.2726097126915158E-005  -2.3502058260256072E-005  -1.4408170711174080E-005
 %fp=           10          10  -5.7731924710257747E-005   5.9383951319935679E-005  -8.7570617939762419E-005
 %fp=           11          11  -1.9390510610091473E-005   3.5908003718480915E-006  -1.0284425273667966E-005
 %fp=           12          12  -1.4927730087333291E-004   1.1506522219835754E-005  -4.6670371108742537E-006
 %fp=           13          13  -1.5859601862946101E-004   3.6365864724164820E-006   3.5272420374769463E-006
 %fp=           14          14  -2.1303469961744307E-005   1.8391650705528547E-005   2.3868792548511481E-005
 %fp=           15          15  -1.8166370985572610E-005   2.5016934247677300E-005   1.4308041875729464E-005
 %fp=           16          16  -3.5890217448898477E-005   6.1513727173953138E-005   4.8610896997092093E-005
 %fp=           17          17  -4.4299276105159397E-005  -1.6540020522319007E-005  -9.1762716055127352E-006
 %fp=           18          18   1.6542827147370505E-004  -8.5907105352707084E-005  -4.4831252338016386E-008
 %fp=           19          19   1.4154174926680335E-004  -9.3067698520328512E-006  -1.5450634159905345E-006
 %fp=           20          20  -1.8462383390027262E-005  -1.2189458990115104E-005   5.7594160886658562E-006
 %fp=           21          21  -3.0869805172954689E-005  -1.4818838733274134E-005  -8.8355941153674756E-006
 %fp=           22          22   2.1108061271535593E-004  -2.3108384780489856E-005   4.4831252337357394E-008
 %fp=           23          23   1.4150283322927071E-004  -9.2619385996953109E-006   1.5450634159896197E-006
 %fp=           24          24  -2.0607915260102877E-005  -1.3648743431723270E-005  -1.0367746264574619E-005
 %fp=           25          25  -2.3530975518176628E-005  -2.3641780564404575E-005  -8.4957881282253702E-006
 %fp=           26          26   1.5188672951344166E-004   7.0864692110001368E-005  -1.2411225841032097E-006
 %fp=           27          27   1.6588522902210665E-004   1.0219564792125840E-006   6.9841512087248891E-005
 %fp=           28          28   3.1135593839298576E-005   6.2534468357303740E-005   3.3852427068583958E-006
 %fp=           29          29  -2.8370215020884057E-005  -1.7938980321318643E-005  -2.2549092901022265E-006
 %fp=           30          30   1.9763294347740473E-004   7.0055435739518394E-006   1.2411225841045125E-006
 %fp=           31          31   1.6476894907995978E-004   2.2182478109791910E-006  -6.9841512087248349E-005
 %fp=           32          32  -8.4580972616617541E-005   1.2487533323734694E-004   5.4015200125913105E-005
 %ielat=            1           1           1
 %ielat=            2           2          49
 %ielat=            3           3          13
 %ielat=            4           4           1
 %ielat=            5           5          29
 %ielat=            6           6          17
 %ielat=            7           7          33
 %ielat=            8           8          33
 %ielat=            9           9          56
 %ielat=           10          10           9
 %ielat=           11          11           5
 %ielat=           12          12           9
 %ielat=           13          13          21
 %ielat=           14          14          25
 %ielat=           15          15          37
 %ielat=           16          16          41
 %ielat=           17          17          62
 %ielat=           18          18          51
 %ielat=           19          19           3
 %ielat=           20          20           2
 %ielat=           21          21          30
 %ielat=           22          22          19
 %ielat=           23          23          35
 %ielat=           24          24          34
 %ielat=           25          25          54
 %ielat=           26          26          59
 %ielat=           27          27           7
 %ielat=           28          28          10
 %ielat=           29          29          22
 %ielat=           30          30          27
 %ielat=           31          31          39
 %ielat=           32          32          42
