   0.0000000000000000       -4.5000000000000000        9.8308028384508361E-011
  0.10000000149011612       -4.1999999955296516        1.4277471427348587E-009
  0.20000000298023224       -3.8999999910593033        1.7396125540081187E-008
  0.30000001192092896       -3.5999999642372131        1.7793154399869948E-007
  0.40000000596046448       -3.2999999821186066        1.5288550863079564E-006
  0.50000000000000000       -3.0000000000000000        1.1045248499319538E-005
  0.60000002384185791       -2.6999999284744263        6.7166397504925257E-005
  0.69999998807907104       -2.4000000357627869        3.4425688474259974E-004
  0.80000001192092896       -2.0999999642372131        1.4897335734214701E-003
  0.89999997615814209       -1.8000000715255737        5.4547476017156593E-003
   1.0000000000000000       -1.5000000000000000        1.6947426762344620E-002
   1.1000000238418579       -1.1999999284744263        4.4843020446162007E-002
   1.2000000476837158      -0.89999985694885254       0.10154592969217885     
   1.2999999523162842      -0.60000014305114746       0.19807189826800375     
   1.3999999761581421      -0.30000007152557373       0.33568658338967294     
   1.5000000000000000        0.0000000000000000       0.50000000000000000     
   1.6000000238418579       0.30000007152557373       0.66431341661032706     
   1.7000000476837158       0.60000014305114746       0.80192810173199625     
   1.7999999523162842       0.89999985694885254       0.89845407030782121     
   1.8999999761581421        1.1999999284744263       0.95515697955383794     
   2.0000000000000000        1.5000000000000000       0.98305257323765538     
   2.0999999046325684        1.7999997138977051       0.99454524449618531     
   2.2000000476837158        2.1000001430511475       0.99851026765285300     
   2.2999999523162842        2.3999998569488525       0.99965574279735758     
   2.4000000953674316        2.7000002861022949       0.99993283374016828     
   2.5000000000000000        3.0000000000000000       0.99998895475150062     
   2.5999999046325684        3.2999997138977051       0.99999847114209239     
   2.7000000476837158        3.6000001430511475       0.99999982206869342     
   2.7999999523162842        3.8999998569488525       0.99999998260385570     
   2.9000000953674316        4.2000002861022949       0.99999999857225641     
   3.0000000000000000        4.5000000000000000       0.99999999990169197     
   3.0999999046325684        4.7999997138977051       0.99999999999432387     
   3.2000000476837158        5.1000001430511475       0.99999999999972533     
   3.2999999523162842        5.3999998569488525       0.99999999999998890     
   3.4000000953674316        5.7000002861022949       0.99999999999999956     
   3.5000000000000000        6.0000000000000000        1.0000000000000000     
   3.5999999046325684        6.2999997138977051        1.0000000000000000     
   3.7000000476837158        6.6000001430511475        1.0000000000000000     
   3.7999999523162842        6.8999998569488525        1.0000000000000000     
   3.9000000953674316        7.2000002861022949        1.0000000000000000     
   4.0000000000000000        7.5000000000000000        1.0000000000000000     
   4.0999999046325684        7.7999997138977051        1.0000000000000000     
   4.1999998092651367        8.0999994277954102        1.0000000000000000     
   4.3000001907348633        8.4000005722045898        1.0000000000000000     
   4.4000000953674316        8.7000002861022949        1.0000000000000000     
   4.5000000000000000        9.0000000000000000        1.0000000000000000     
   4.5999999046325684        9.2999997138977051        1.0000000000000000     
   4.6999998092651367        9.5999994277954102        1.0000000000000000     
   4.8000001907348633        9.9000005722045898        1.0000000000000000     
   4.9000000953674316        10.200000286102295        1.0000000000000000     
   5.0000000000000000        10.500000000000000        1.0000000000000000     
   5.0999999046325684        10.799999713897705        1.0000000000000000     
   5.1999998092651367        11.099999427795410        1.0000000000000000     
   5.3000001907348633        11.400000572204590        1.0000000000000000     
   5.4000000953674316        11.700000286102295        1.0000000000000000     
   5.5000000000000000        12.000000000000000        1.0000000000000000     
   5.5999999046325684        12.299999713897705        1.0000000000000000     
   5.6999998092651367        12.599999427795410        1.0000000000000000     
   5.8000001907348633        12.900000572204590        1.0000000000000000     
   5.9000000953674316        13.200000286102295        1.0000000000000000     
   6.0000000000000000        13.500000000000000        1.0000000000000000     
   6.0999999046325684        13.799999713897705        1.0000000000000000     
   6.1999998092651367        14.099999427795410        1.0000000000000000     
   6.3000001907348633        14.400000572204590        1.0000000000000000     
   6.4000000953674316        14.700000286102295        1.0000000000000000     
   6.5000000000000000        15.000000000000000        1.0000000000000000     
   6.5999999046325684        15.299999713897705        1.0000000000000000     
   6.6999998092651367        15.599999427795410        1.0000000000000000     
   6.8000001907348633        15.900000572204590        1.0000000000000000     
   6.9000000953674316        16.200000286102295        1.0000000000000000     
   7.0000000000000000        16.500000000000000        1.0000000000000000     
   7.0999999046325684        16.799999713897705        1.0000000000000000     
   7.1999998092651367        17.099999427795410        1.0000000000000000     
   7.3000001907348633        17.400000572204590        1.0000000000000000     
   7.4000000953674316        17.700000286102295        1.0000000000000000     
   7.5000000000000000        18.000000000000000        1.0000000000000000     
   7.5999999046325684        18.299999713897705        1.0000000000000000     
   7.6999998092651367        18.599999427795410        1.0000000000000000     
   7.8000001907348633        18.900000572204590        1.0000000000000000     
   7.9000000953674316        19.200000286102295        1.0000000000000000     
   8.0000000000000000        19.500000000000000        1.0000000000000000     
   8.1000003814697266        19.800001144409180        1.0000000000000000     
   8.1999998092651367        20.099999427795410        1.0000000000000000     
   8.3000001907348633        20.400000572204590        1.0000000000000000     
   8.3999996185302734        20.699998855590820        1.0000000000000000     
   8.5000000000000000        21.000000000000000        1.0000000000000000     
   8.6000003814697266        21.300001144409180        1.0000000000000000     
   8.6999998092651367        21.599999427795410        1.0000000000000000     
   8.8000001907348633        21.900000572204590        1.0000000000000000     
   8.8999996185302734        22.199998855590820        1.0000000000000000     
   9.0000000000000000        22.500000000000000        1.0000000000000000     
   9.1000003814697266        22.800001144409180        1.0000000000000000     
   9.1999998092651367        23.099999427795410        1.0000000000000000     
   9.3000001907348633        23.400000572204590        1.0000000000000000     
   9.3999996185302734        23.699998855590820        1.0000000000000000     
   9.5000000000000000        24.000000000000000        1.0000000000000000     
   9.6000003814697266        24.300001144409180        1.0000000000000000     
   9.6999998092651367        24.599999427795410        1.0000000000000000     
   9.8000001907348633        24.900000572204590        1.0000000000000000     
   9.8999996185302734        25.199998855590820        1.0000000000000000     
   10.000000000000000        25.500000000000000        1.0000000000000000     
   10.100000381469727        25.800001144409180        1.0000000000000000     
   10.199999809265137        26.099999427795410        1.0000000000000000     
   10.300000190734863        26.400000572204590        1.0000000000000000     
   10.399999618530273        26.699998855590820        1.0000000000000000     
   10.500000000000000        27.000000000000000        1.0000000000000000     
   10.600000381469727        27.300001144409180        1.0000000000000000     
   10.699999809265137        27.599999427795410        1.0000000000000000     
   10.800000190734863        27.900000572204590        1.0000000000000000     
   10.899999618530273        28.199998855590820        1.0000000000000000     
   11.000000000000000        28.500000000000000        1.0000000000000000     
   11.100000381469727        28.800001144409180        1.0000000000000000     
